,floorplan_name,nr_sim,fs_sim,rl_sim,rc_sim,rs_sim,rsl_sim
0,01_01_a0101135010000300016z,0.3333333333333333,1.4511684574083306,37.0,16.0,2.008428012116985,1.4662893266837345
1,01_01_a0101135010000300031z,0.6666666666666666,0.6108465974305173,31.0,10.0,1.4156237073441789,0.9389569992735064
2,01_01_a0101135010000300042z,0.5,0.22035722271914127,25.0,15.0,1.4148137841057535,0.5284696372083929
3,01_01_a0101135010001100026z,0.3333333333333333,0.2623280317405915,39.0,16.0,1.4151707761657557,0.7275763028377096
4,01_01_a0101135010001100037z,0.3333333333333333,0.26592554656889994,39.0,16.0,1.4152926180744931,0.7317093630715396
5,01_01_A0101135010001900032z,0.6666666666666666,0.3786133091882352,28.0,14.0,1.4155374692445668,0.4889184570707842
6,01_01_A0101135010001900041z,0.5,0.30350456355262595,40.0,19.0,1.415631011593771,0.7825403458994014
7,01_01_a0101135010002200032A,0.8333333333333334,0.6630211446708539,24.0,9.0,1.4152886928244264,0.9310977320936936
8,01_01_a0101135010002200032B,1.0,0.22050525331844711,26.0,8.0,1.0022534648659915,0.7940513991232178
9,01_01_a0101135010002200032D,1.0,0.464904997106177,18.0,6.0,1.0050149967289084,0.8766458435118692
10,01_01_A0101135010002600058a,0.6666666666666666,0.39353721388177615,71.0,38.0,1.003532941829154,1.0396470264847628
11,01_01_A0101135010002600058b,0.5,0.3882950261947355,62.0,30.0,1.414693599186045,0.965742128120578
12,01_01_A0101135010002600058c,0.5,0.3882950261947355,62.0,30.0,1.4148853338150922,0.9765985407304536
13,01_01_A0101135010002600066z,0.3333333333333333,0.6422477874705825,62.0,32.0,1.4159292863993496,0.9853318415551786
14,01_01_a0101135010002600076z,0.5,0.6760095046986876,68.0,37.0,1.0039933902773308,1.114843523702119
15,01_01_a0101135010002600077z,0.6666666666666666,0.482750187623017,31.0,18.0,1.41744713352777,0.9685284113808532
16,01_01_a0101135010003000030z,0.8333333333333334,0.5856651963471637,28.0,15.0,1.4159402165635249,0.8045337388161593
17,01_01_a0101135010003000032z,0.8333333333333334,0.4814776587795421,28.0,12.0,1.4145285061627018,0.6834023577666579
18,01_01_A0101135010003800014z,0.5,0.9654668605441316,50.0,24.0,2.014289979584749,1.3747707365029522
19,01_01_a0101135010004900033A,0.8333333333333334,0.4534345322423791,28.0,8.0,1.4172095437768737,0.8439625932863352
20,01_01_a0101135010004900038z,0.8333333333333334,0.4888527658688545,21.0,5.0,1.4150763595392406,0.8180210443283584
21,01_01_a0101135010004900043z,0.6666666666666666,0.30649497627032724,29.0,11.0,1.4148660342345531,0.8604672464973925
22,01_01_a0101135010005200042z,0.6666666666666666,0.5637629670182798,48.0,19.0,1.0079343718354623,1.049090209969607
23,01_01_a0101135010005200043z,0.6666666666666666,0.4059914599398981,39.0,19.0,1.0048778391427893,0.8671912624587059
24,01_01_a0101135010005200054z,0.5,0.5211709817609085,62.0,24.0,1.003060752013826,0.9358389865367986
25,01_01_a0101135010005600032z,0.8333333333333334,0.42730492005941295,27.0,9.0,1.0025721268157213,0.7654688118167223
26,01_01_A0101135080001200060z,0.5,0.31515066602591874,39.0,21.0,1.0009468608656904,0.7473498444348636
27,01_01_a0101135080001400034z,0.6666666666666666,0.26401958762408817,23.0,12.0,1.4143510724304442,0.7094843211755514
28,01_01_a0101135080001800024A,0.6666666666666666,0.6603145016071859,28.0,8.0,1.4154771006060878,0.9519693631536807
29,01_01_a0101135080001800034z,0.6666666666666666,0.16930286026544686,26.0,15.0,1.4154797455679857,0.5931824797798845
30,01_01_a0101135080002300017z,0.3333333333333333,0.7830304217809974,50.0,26.0,2.007862530503058,1.2493004241955623
31,01_01_a0101135080002300020z,0.3333333333333333,0.781818581847004,51.0,26.0,2.0078437910719416,1.2487369608832477
32,01_01_A0101135080004400016z,0.5,1.3152716817381451,50.0,24.0,2.015167213663436,1.5710268777451564
33,01_01_A0101135080004400020z,0.3333333333333333,0.6322843733279648,45.0,20.0,2.005637272426346,1.0550375343000666
34,01_01_A0101135080004400021z,0.3333333333333333,1.135702705724508,50.0,23.0,2.014798327532655,1.508402778635396
35,01_01_A0101135080004400032z,0.3333333333333333,0.6166593733279648,41.0,17.0,2.003346819721492,1.0670422401827029
36,01_01_A0101135080004400047z,0.6666666666666666,0.4420632215070484,39.0,17.0,1.4156305432374618,0.8836061633345469
37,01_01_a0101135080004500034A,0.6666666666666666,0.28925121286520783,26.0,15.0,1.4149599649491906,0.780526073484759
38,01_01_a0101135080005500017z,0.5,0.3890740696696387,46.0,21.0,2.0077382928045857,0.9172700181175474
39,01_01_a0101135080005500019z,0.5,0.3731694971050264,46.0,21.0,2.0080089827215133,0.8743367256616682
40,01_01_a0101135080005500022z,0.5,0.3684565855772368,46.0,21.0,2.0077151076022384,0.9020071375052472
41,01_01_a0101135080005500026z,0.5,0.3684565855772368,46.0,21.0,2.006576307459644,0.9222746113290282
42,01_01_A0101135080005700022z,0.8333333333333334,0.8060475908506235,25.0,9.0,1.4156030041379672,1.01984401263255
43,01_01_a0101135080005800031z,0.8333333333333334,0.6120214094605925,23.0,9.0,1.4150516532807331,0.9088544210092024
44,01_01_a0101135080005800046z,0.6666666666666666,0.4727945544442637,20.0,9.0,1.4150712353764905,0.563570320183438
45,01_01_a0101135080005800047A,0.8333333333333334,0.5757015807887901,32.0,7.0,1.001668236762184,0.8057187859235803
46,01_01_a0101135080005800047z,0.8333333333333334,0.5794095374993578,32.0,7.0,1.0016801826387156,0.8071347398153269
47,01_01_a0101135080007000014z,0.5,1.0173270337600344,50.0,24.0,2.0164361105849875,1.5095837608564804
48,01_01_a0101135080007000018z,0.5,1.2359640786335246,50.0,24.0,2.0189560378066416,1.6418940807047124
49,01_01_A0101135080007100014z,0.16666666666666666,0.9498418605441316,51.0,27.0,2.0018381377459247,1.2748210025736064
50,01_01_A0101135080007100015a,0.16666666666666666,0.958593722596373,53.0,24.0,2.0013167011272435,1.2566386207853113
51,01_01_a0101135080007500020z,0.5,0.4679372554384038,37.0,17.0,2.0037309011057287,0.9151238306609472
52,01_01_a0101135080007500021b,0.5,0.26955442190499823,34.0,16.0,1.7339130145942516,0.8637407661690568
53,01_01_a0101135080007500021c,0.6666666666666666,0.2144947803879108,32.0,15.0,1.7356534530430283,0.9079833088739152
54,01_01_a0101135080007500026a,0.6666666666666666,0.4296862775261464,34.0,12.0,1.416570071448662,0.9323790383341048
55,01_01_a0101135080007800024z,0.5,0.8874685117593499,28.0,11.0,1.7351283355961031,1.1378472746618915
56,01_01_a0101135080008200031A,0.8333333333333334,0.17709489480438667,17.0,9.0,1.4147267314104506,0.5272201535061632
57,01_01_a0101135080008200031B,0.8333333333333334,0.17699743040173688,17.0,9.0,1.4148394731839464,0.5308602570543041
58,01_01_a0101135080008200031C,0.8333333333333334,0.16146989480438667,18.0,9.0,1.4152391492422491,0.5757853653074338
59,01_01_a0101135080008500034a,0.5,0.4598526352523445,41.0,19.0,1.7334592080196465,0.880492842698619
60,01_01_a0101135080008500034b,0.5,0.5669767707364735,37.0,16.0,1.7326046781050797,0.9739772332961204
61,01_01_a0101135080008900015z,0.5,0.5893110709607803,36.0,17.0,2.0025524656102918,1.0013396321012926
62,01_01_a0101135080008900024z,0.6666666666666666,0.7094521278850942,31.0,15.0,1.4210358769975386,1.144539017544271
63,01_01_a0101135080008900025z,0.6666666666666666,0.5393915589723028,34.0,16.0,1.4174476894973658,0.948758559817764
64,01_01_a0101135080009700024A,0.8333333333333334,0.4121033057774716,25.0,8.0,1.4144705088381884,0.8106731580546139
65,01_01_a0101135080009700024B,0.8333333333333334,0.3183533057774716,21.0,9.0,1.000320849757875,0.8009884551172357
66,01_01_a0101135080009700033A,0.8333333333333334,0.15197601558206048,29.0,8.0,1.4150487111714338,0.6591888697895706
67,01_01_a0101135080009700033B,0.6666666666666666,0.19521948637884,28.0,11.0,1.414693600212466,0.6925545491607594
68,01_01_a0101135080010200010z,0.5,1.0158185443432537,41.0,18.0,2.0026963083039497,1.1495472751572695
69,01_01_a0101135080010200044z,0.5,0.3237848460275223,40.0,24.0,1.4147143447083783,0.7815503367576329
70,01_01_a0101135080010200049A,0.8333333333333334,0.28016653737148584,31.0,11.0,1.0009670811387634,0.7425046096024542
71,01_01_a0101135080010200049B,0.8333333333333334,0.28434486357000394,31.0,11.0,1.0011621924103058,0.7310863058240176
72,01_01_a0101135080010200054c,0.8333333333333334,0.3544956767022661,31.0,11.0,1.0010837396224623,0.7598822223145647
73,01_01_a0101135080010300019z,0.5,0.7140586808569049,33.0,15.0,2.001456896339955,0.8658179662594881
74,01_01_a0101135080010300035z,0.8333333333333334,0.4300151285481344,33.0,13.0,1.0114791064195656,0.8405794512806645
75,01_01_a0101135080010300036z,0.8333333333333334,0.4388945790808737,21.0,9.0,1.0044151416509872,0.7725081433147549
76,01_01_a0101135080010700022A,0.5,0.4537720227896898,40.0,17.0,1.7336944152756186,0.8479040021742622
77,01_01_a0101135080010700044z,0.6666666666666666,0.31021284334593874,27.0,13.0,1.414603270095978,0.7407454596536601
78,01_01_a0101135080010900023A,0.5,0.14090355414903588,30.0,11.0,1.7326361648126625,0.7224224784681416
79,01_01_a0101135080010900023B,0.6666666666666666,0.16145840029496789,25.0,12.0,1.4153931271572906,0.6749531717316122
80,01_01_a0101135080010900023C,0.8333333333333334,0.2545646178835345,27.0,9.0,1.4146916260873776,0.7826177832683999
81,01_01_a0101135080010900033a,0.8333333333333334,0.1849996321824297,20.0,3.0,1.415300730199113,0.7004862802981432
82,01_01_a0101135080010900044z,0.6666666666666666,0.3107013345090626,32.0,14.0,1.0013545703141808,0.7966061908238314
83,01_01_a0101135080010900055a,0.5,0.4928104989295478,45.0,15.0,1.0035527845220515,0.9066365265702516
84,01_01_A0101135080011100012c,0.5,0.7303464983533188,37.0,17.0,2.0027506835662727,1.14804124093218
85,01_01_A010113508001110007b-1,0.3333333333333333,0.8330167021202859,44.0,19.0,2.007309636983268,1.1686631495024216
86,01_01_A010113508001110007b,0.3333333333333333,0.6353072898676619,48.0,21.0,2.00246002539536,1.0212607683297388
87,01_01_a0101135080011300055z,0.3333333333333333,0.2465049262344548,45.0,29.0,1.4190923930957964,0.7896473640732705
88,01_01_a0101135080011300061z,0.3333333333333333,0.3059720374993577,51.0,34.0,1.4155491638752105,0.8390811195918476
89,01_01_a0101135080011900033A,0.6666666666666666,0.2925704382826476,29.0,13.0,1.41537655836372,0.8026315058088473
90,01_01_a0101135080011900033b,0.6666666666666666,0.3611302533184471,31.0,12.0,1.0040089267176182,0.7687376632781246
91,01_01_a0101135080011900033c,0.8333333333333334,0.3124780935289003,23.0,11.0,1.0005930865124038,0.6891253309221125
92,01_01_a0101135080011900043z,0.8333333333333334,0.2755382177857532,34.0,17.0,1.002406844586525,0.7690601881508938
93,01_01_a0101135080011900045z,0.6666666666666666,0.4741729800653774,43.0,15.0,1.0051398691449085,0.8940628449396733
94,01_01_A0101135080012200017f,0.5,0.3520245522066982,38.0,16.0,2.001961684843692,0.8416513991661808
95,01_01_A0101135080012200018a,0.5,0.4787778592072218,36.0,17.0,2.0060542598601185,0.9714876535916728
96,01_01_a0101135080012700048C,0.6666666666666666,0.4707187591781699,43.0,16.0,1.0032058941861828,0.920271780496386
97,01_01_a0101135080012700056B,0.6666666666666666,0.4747628986001078,45.0,17.0,1.0040120363306366,0.9649078349667184
98,01_01_a0101135080014700026z,0.6666666666666666,0.5617172636794731,31.0,12.0,1.7337311142924563,0.9994201802066413
99,01_01_a0101135080014700028z,0.5,0.5691649075921106,35.0,14.0,1.7330926691156774,0.7806674929677299
100,01_01_a0101135080014700032A,0.8333333333333334,0.3699636344851792,19.0,3.0,1.4163356084707677,0.7780259903587756
101,01_01_a0101135080014700033z,0.5,0.33508813980770197,35.0,17.0,1.7335058375628556,0.6951032680194521
102,01_01_a0101135090000300024z,0.6666666666666666,0.7345990399775628,28.0,12.0,1.7342031795791375,0.9299275492284964
103,01_01_a0101135090000300034z,0.8333333333333334,0.44577111492082416,23.0,9.0,1.4179489134496517,0.9164070494234215
104,01_01_A0101135090000400023b,0.5,0.6384511201008294,34.0,18.0,1.7336963644202232,0.8694261550693162
105,01_01_A0101135090000400032z,0.5,0.6781313096181525,40.0,19.0,1.7339007919223608,0.9740648750320454
106,01_01_A0101135090000400034z,0.5,0.6559898514659273,35.0,17.0,1.418366582779086,0.9667242153681862
107,01_01_A0101135090000400044z,0.3333333333333333,0.5949614685420135,48.0,29.0,1.4175421303479665,0.9285074482038116
108,01_01_a0101135090000500013z,0.5,1.0248108754411174,42.0,18.0,2.0028677932591035,1.3373943107278978
109,01_01_a0101135090000500032z,0.6666666666666666,0.2335770927711653,23.0,11.0,1.4147282742811846,0.6827388043970102
110,01_01_a0101135090001000033z,0.5,0.6318595243853666,34.0,17.0,1.7348012435299074,0.9514709126298292
111,01_01_a0101135090001000044z,0.6666666666666666,0.4109257014405423,31.0,17.0,1.0022916213311033,0.7426318704160125
112,01_01_A0101135090001800024z,0.5,0.5393579991098982,26.0,17.0,1.7338210431639556,0.8748854756576196
113,01_01_A0101135090001800031z,0.6666666666666666,0.3281030935289003,26.0,12.0,1.4146162565609646,0.651284725893301
114,01_01_A0101135090001800033z,0.5,0.3414028558650652,22.0,13.0,1.7329585327962127,0.8070343088483914
115,01_01_A0101135090002000025z,0.3333333333333333,0.8099898287420115,37.0,20.0,2.002050316821055,1.0340361648155625
116,01_01_A0101135090002000032z,0.8333333333333334,0.25039015670691395,21.0,9.0,1.4168149368044751,0.7164851653705793
117,01_01_A0101135090002500025z,0.16666666666666666,0.7041899415399766,48.0,26.0,2.0023081381322507,1.0584875103229592
118,01_01_A0101135090002500032z,0.6666666666666666,0.2525900172038949,28.0,17.0,1.4146148799335443,0.5652838008828512
119,01_01_A0101135090003000035z,0.3333333333333333,0.4566329382826476,40.0,23.0,1.7326962351945163,0.8295406180721605
120,01_01_a0101135090003100024z,0.5,0.6609673036077249,36.0,16.0,1.7335950483722558,0.9358713710464096
121,01_01_a0101135090003100042z,0.5,0.7972524940317764,36.0,16.0,1.4204472984153012,1.073231826715568
122,01_01_a0101135090003800024z,0.5,0.6752824559675351,36.0,16.0,1.7338614829207901,0.9264486868738612
123,01_01_a0101135090003800033z,0.8333333333333334,0.66229760546531,27.0,9.0,1.0049845218846485,0.9863203235197032
124,01_01_a0101135090003800038z,0.5,0.8215802949134718,35.0,16.0,1.4238906391187545,1.0808242886070087
125,01_01_a0101135090004400025z,0.6666666666666666,0.6645840086190391,32.0,14.0,1.73333330137942,0.9512171777608378
126,01_01_a0101135090004400027z,0.6666666666666666,0.6584678006679687,32.0,14.0,1.7335727442400513,0.9546624873050396
127,01_01_a0101135090004400031z,0.6666666666666666,0.7272600009889183,26.0,11.0,1.4169914253309501,0.9713699046753892
128,01_01_a0101135090004400032z,0.6666666666666666,0.6468346673892758,27.0,8.0,1.4169672321949602,0.9486211431021824
129,01_01_A0101135090004700036z,0.8333333333333334,0.29505086484852233,24.0,11.0,1.0015299560723845,0.7686499313210997
130,01_01_A0101135090004700042z,0.6666666666666666,0.4851530532251762,34.0,15.0,1.002980712695811,0.8602973991338195
131,01_01_A0101135090004700047z,0.5,0.3665835961773844,55.0,25.0,1.002536821396633,0.8349201760192602
132,01_01_A0101135090004700049z,0.6666666666666666,0.2337701509263257,54.0,24.0,1.0063593487273113,0.7659234515553306
133,01_01_A0101135090005200045z,0.3333333333333333,0.268306129427356,51.0,23.0,1.0030669357900228,0.6526150507655203
134,01_01_a0101135090006400055z,0.6666666666666666,0.58417260546531,50.0,25.0,1.0117567762937023,1.0990485921023734
135,01_01_a0101135090006400063z,0.3333333333333333,0.4273861434108528,54.0,24.0,1.0034158901335766,0.935649897703904
136,01_01_a0101135090006400065z,0.5,0.5818110734618007,55.0,23.0,1.0068849479057782,1.1012514404758167
137,01_01_a0101135090006400073z,0.3333333333333333,0.5899465315771082,65.0,36.0,1.0055291238632895,1.012042196650491
138,01_01_A0101135090006700027z,0.8333333333333334,0.33587922278370913,15.0,9.0,1.4158910106066651,0.6398648740957971
139,01_01_A0101135090006700032z,0.8333333333333334,0.3292875707878236,21.0,9.0,1.4158724302263443,0.6945674466006669
140,01_01_A0101135090006700033z,0.8333333333333334,0.4171865316487409,21.0,5.0,1.4152992514570986,0.8820547484209448
141,01_01_A0101135090006700038z,1.0,0.3611546651449501,22.0,6.0,1.002992455561592,0.845341032754162
142,01_01_A0101135090006800022a,0.3333333333333333,1.3065050143060393,50.0,23.0,2.016155876099825,1.5799154186978788
143,01_01_a0101135090006900058z,0.16666666666666666,0.21612098737825475,52.0,28.0,1.416830853903969,0.907795797234337
144,01_01_a0101135090007000049z,0.6666666666666666,0.3516486045095605,33.0,14.0,1.0050989842768436,0.8146875538346009
145,01_01_a0101135090007000051z,0.6666666666666666,0.5078986045095606,42.0,24.0,1.00356828300202,0.7986442329208809
146,01_01_a0101135090007000053z,0.6666666666666666,0.4175155495238653,41.0,12.0,1.003158196461364,0.8571988467794653
147,01_01_a0101135090007900033A,0.5,0.8672793261153471,39.0,18.0,1.735616914427996,1.2230796222672744
148,01_01_a0101135090007900033C,0.3333333333333333,0.5724059187840402,43.0,26.0,2.0025339377301763,1.028052646958258
149,01_01_a0101135090007900033D,0.5,0.8202839156489026,38.0,19.0,1.7352353013434063,1.365462631598768
150,01_01_a0101135090008400046A,0.5,0.2817120522066982,34.0,23.0,1.4147860458833128,0.7845155567870541
151,01_01_a0101135090008400046B,0.6666666666666666,0.3253390272756217,32.0,18.0,1.4154143327377386,0.7108610743425059
152,01_01_a0101135090008400052z,0.5,0.42658889465848654,43.0,17.0,1.4153687835125286,0.8075452146897352
153,01_01_a0101135090008500022B4,0.3333333333333333,1.3455305513479743,50.0,23.0,2.0142091066102794,1.61006403043517
154,01_01_a0101135090008500022B5,0.3333333333333333,1.3455305513479743,50.0,23.0,2.014101135833457,1.614650151340386
155,01_01_A0101135090008500034B7,0.3333333333333333,0.521795845550818,40.0,18.0,2.00120526905216,0.9852864044051636
156,01_01_A0101135090008500035B10,0.3333333333333333,0.6807778894227128,40.0,16.0,2.0090063582519857,1.0731800904678852
157,01_01_a0101135090008800033z,0.5,0.6258115887251254,39.0,16.0,1.7347506838438609,1.0292297476310002
158,01_01_A0101135090009000021e,0.6666666666666666,0.6247866639093884,31.0,14.0,1.7336219471986725,1.0584057342052384
159,01_01_A0101135090009000022b,0.8333333333333334,0.7404613211209314,35.0,12.0,1.4147612669632812,0.9856163352748106
160,01_01_a0101135090009700040z,0.6666666666666666,0.3998473248752472,28.0,14.0,1.4169708524853284,0.7337777760161942
161,01_01_a0101135090009800032z,0.6666666666666666,0.4688361045095605,27.0,11.0,1.4155309395565892,0.8400469355707316
162,01_01_a0101135090009900032A,0.6666666666666666,0.18887566758913527,31.0,11.0,1.4161675256847817,0.6903103310006526
163,01_01_a0101135090009900032B,0.6666666666666666,0.2108083036271152,28.0,11.0,1.4157130685905852,0.5540520148629461
164,01_01_a0101135090009900038z,0.6666666666666666,0.19379433783118036,31.0,13.0,1.4151521034549197,0.6956540203404582
165,01_01_a0101135090009900044A,0.3333333333333333,0.28346535920722177,46.0,26.0,1.418233637693605,0.7921771872206159
166,01_01_a0101135090009900044B,0.3333333333333333,0.2891486045095605,49.0,26.0,1.4191360696829942,0.812860953979734
167,01_01_a0101135090009900050z,0.3333333333333333,0.3037579382826476,45.0,25.0,1.417640097457662,0.8202204601012693
168,01_01_a0101135090009900060z,0.3333333333333333,0.3584454382826476,49.0,27.0,1.4199101299519417,0.8499208273308948
169,01_01_a0101135090009900072z,0.16666666666666666,0.5102954747257962,63.0,27.0,1.4206292444755881,0.9287548650070164
170,01_01_a0101135090010000058z,0.6666666666666666,0.8520513704860373,56.0,20.0,1.0093097968289704,1.0678193113527037
171,01_01_a0101135090010700038z,0.8333333333333334,0.3714482487751529,20.0,11.0,1.0013805208729465,0.7268291701004748
172,01_01_a0101135090010700045z,0.6666666666666666,0.3222162288370624,28.0,12.0,1.0013659094318978,0.6669933589182198
173,01_01_a0101135090010700050z,0.6666666666666666,0.418029997106177,31.0,12.0,1.0014657257070898,0.8293002341659612
174,01_01_a0101135090011000033z,0.6666666666666666,0.13585136478368276,25.0,11.0,1.4147504153565398,0.6976244112605439
175,01_01_a0101135090011000044z,0.5,0.06690629557217526,36.0,16.0,1.415445903142319,0.6966143401796374
176,01_01_a0101135090011100032B,0.8333333333333334,0.4483396690518783,29.0,10.0,1.4155563267960003,0.8284230376371462
177,01_01_a0101135090011100047z,0.6666666666666666,0.472327848797189,31.0,11.0,1.4150274364385451,0.8444336533997722
178,01_01_a0101135090011500054A,0.5,0.4846704991098982,42.0,16.0,1.415121416902864,0.8894350170199631
179,01_01_a0101135090011900051A,0.6666666666666666,0.4695566670962069,36.0,18.0,1.0074120412206589,0.9111312209133279
180,01_01_a0101135090011900051B,0.6666666666666666,0.4139181550009137,32.0,13.0,1.0037177693680692,0.7818111087625339
181,01_01_a0101135090012800031z,1.0,0.3856517274266977,15.0,6.0,1.0022021684454099,0.6125785777327367
182,01_01_a0101135090012800042z,0.5,0.4175155495238653,40.0,12.0,1.0027544307755063,0.7808821633217777
183,01_01_a0101135100000500027z,0.5,0.6976752835595206,35.0,16.0,1.7336973549132235,0.9520488234951576
184,01_01_a0101135100000500032z,0.6666666666666666,0.20661406067351112,23.0,12.0,1.41491613249864,0.6803945129321453
185,01_01_A0101135100000600038z,0.6666666666666666,0.11316969329629985,21.0,14.0,1.4158975320826652,0.7084040458696534
186,01_01_a0101135100001100031A,0.6666666666666666,0.5663343090398276,28.0,11.0,1.7332019210614942,0.9638792573829399
187,01_01_a0101135100001100031z,0.6666666666666666,0.5702069046909164,28.0,11.0,1.7331403209314893,0.9640351474663856
188,01_01_a0101135100001100032z,0.6666666666666666,0.5663343090398276,28.0,11.0,1.7331551761953472,0.9653783467489108
189,01_01_a0101135100002100038z,0.6666666666666666,0.6075763345090626,28.0,11.0,1.4167132385211552,0.9311217813316884
190,01_01_A0101135100003000025z,0.5,0.365397526734736,27.0,13.0,1.732491724576506,0.871625990488984
191,01_01_A0101135100003000032z,0.6666666666666666,0.5631229989295479,31.0,12.0,1.4159363884561609,0.9084766956298491
192,01_01_A0101135100003000045z,0.3333333333333333,0.16951021618697554,45.0,23.0,1.4150221942726215,0.6355223289759483
193,01_01_A0101135100003500015z,0.5,0.4295339941409582,36.0,18.0,2.0007930968896384,0.8525125218355286
194,01_01_A0101135100003500033z,0.8333333333333334,0.6290421263168355,21.0,5.0,1.4160236498466992,0.9300249241610132
195,01_01_A0101135100003500038z,0.6666666666666666,0.15895583355985493,19.0,16.0,1.4156977162102333,0.7068140575455704
196,01_01_a0101135100003800025z,0.6666666666666666,0.6760686749597635,30.0,14.0,1.7335251749514042,0.9679994545408152
197,01_01_a0101135100003800032z,0.6666666666666666,0.1689978846987189,26.0,15.0,1.414968872804654,0.7334736387928505
198,01_01_a0101135100003800040z,0.6666666666666666,0.09712745811563296,25.0,11.0,1.4153723129861242,0.6297543912948834
199,01_01_a0101135100004000030z,0.8333333333333334,0.5282319836287097,24.0,7.0,1.4165454254105574,0.8472481170874935
200,01_01_a0101135100004000042z,0.5,0.33115216905187833,30.0,12.0,1.4158422809516285,0.7585913193583089
201,01_01_a0101135100004200037A,0.8333333333333334,0.4107548930390281,20.0,9.0,1.0019399990591469,0.5499729703060171
202,01_01_a0101135100004200037B,0.6666666666666666,0.4678204382826476,20.0,4.0,1.4165979534344215,0.8442933784053249
203,01_01_a0101135100004400042z,0.5,0.4703003642507569,37.0,9.0,1.0015613494542397,0.7146053709014772
204,01_01_a0101135100006500020z,0.5,0.5568835648490635,41.0,18.0,2.001718503771612,0.9257529099601056
205,01_01_a0101135100006500022z,0.3333333333333333,0.5938361045095606,46.0,18.0,2.001337591627496,0.9839703845351436
206,01_01_a0101135100006500038A,0.3333333333333333,1.1265836771989035,37.0,17.0,1.7353942706817571,1.2858623010377819
207,01_01_a0101135100007800031A,1.0,0.5431046263168355,22.0,4.0,1.0023360521497862,0.9340399130685524
208,01_01_a0101135100007800031B,0.8333333333333334,0.389256564656274,23.0,7.0,1.4163057781062742,0.8363011141449801
209,01_01_a0101135100007800037b,1.0,0.34827035728912703,17.0,8.0,1.0023188809574193,0.7752388204925958
210,01_01_a0101135100007800041S,0.6666666666666666,0.4402551277901422,37.0,19.0,1.0009464032508797,0.755284890720384
211,01_01_a0101135100008000078A,0.3333333333333333,0.3381285248430119,59.0,25.0,1.00440335360879,0.8782732579054706
212,01_01_a0101135100008000080z,0.3333333333333333,0.31353305648595725,86.0,36.0,1.0031583624079432,0.8673740263022599
213,01_01_a0101135100008000087z,0.16666666666666666,0.3850085648490636,81.0,39.0,1.003047891066902,0.933373767297028
214,01_01_a0101135100008000088z,0.3333333333333333,0.37721535920722177,62.0,32.0,1.0031498995057844,0.8775836273562799
215,01_01_A0101135102000100026z,0.3333333333333333,0.6725059541556635,32.0,19.0,2.001131348605734,0.8448245108102523
216,01_01_A0101135102000100032z,0.6666666666666666,0.6221473188136211,35.0,13.0,1.4178481976118795,0.9757858784659891
217,01_01_A0101135110000100048z,0.3333333333333333,0.3743459744000291,44.0,29.0,1.4176918043787778,0.6978709902004586
218,01_01_A0101135110000100052z,0.3333333333333333,0.3130628197724896,47.0,24.0,1.4180842363377042,0.8273944730648051
219,01_01_A0101135110000100065z,0.5,0.4168459708641012,69.0,38.0,1.004329026028942,0.7460968157402624
220,01_01_a0101135110000200038z,0.5,0.5536679787139145,35.0,21.0,1.7348671062631986,0.9048495973693488
221,01_01_A0101135110000200039z,0.5,0.5472996049493142,27.0,15.0,1.7350286626574347,0.8465036174068422
222,01_01_A0101135110000300032z,0.5,0.368454804697914,34.0,17.0,1.7331005295000887,0.7160905765407052
223,01_01_A0101135110000600034z,0.5,0.3694869687837369,34.0,17.0,1.7328771548498134,0.7307391716688116
224,01_01_A0101135110000700019z,0.5,0.6003499567523045,38.0,18.0,2.000781705935473,0.9457921013794788
225,01_01_A0101135110000700037z,0.6666666666666666,0.4043453565833012,28.0,12.0,1.4159627473237593,0.6544876281959714
226,01_01_A0101135110001100035z,0.6666666666666666,0.5644496498729441,22.0,10.0,1.7343456157865589,0.8581673061369894
227,01_01_A0101135110001200035z,0.6666666666666666,0.5579662716159809,22.0,10.0,1.7346069599879428,0.8525054180353961
228,01_01_A0101135110001200046z,0.6666666666666666,0.3973029770853083,28.0,9.0,1.001091711715431,0.8027386806232487
229,01_01_A0101135110001300069z,0.6666666666666666,0.3428379630965433,68.0,34.0,1.0100654132230966,0.7809104952752498
230,01_01_a0101135110001600035z,0.3333333333333333,0.4765405935289002,49.0,29.0,1.733204803884569,0.7782176086670571
231,01_01_A0101135110001700025z,0.3333333333333333,0.6463615824832745,39.0,20.0,2.0013940144995863,1.0346756705636293
232,01_01_A0101135110001700032b,0.6666666666666666,0.5715562411547102,24.0,10.0,1.417482616494934,0.8924423552532286
233,01_01_A0101135110001700037z,0.5,0.5793950866202435,37.0,19.0,1.4167844701289694,0.8952959504065963
234,01_01_A0101135110002000043z,0.3333333333333333,0.4694153178007198,49.0,26.0,1.4162921393743688,0.9090922831747892
235,01_01_A0101135110002000054z,0.3333333333333333,0.38500352484301203,48.0,22.0,1.4198013055223642,0.8386088291282544
236,01_01_A0101135110002100054z,0.3333333333333333,0.3804477161869755,48.0,22.0,1.4198831718230198,0.8318862230951865
237,01_01_A0101135110002200033z,0.3333333333333333,0.7509473195535505,42.0,27.0,1.7343285700556568,1.0053846809322513
238,01_01_A0101135110002300044z,0.3333333333333333,0.2130382177857532,35.0,15.0,1.4157460995486837,0.7204803460770265
239,01_01_A0101135110002400035z,0.16666666666666666,0.4307150117167728,52.0,28.0,2.0005466066852127,0.7977524616374734
240,01_01_A0101135110002500048z,0.3333333333333333,0.3696293029358914,46.0,29.0,1.4181311910560987,0.7034251989128459
241,01_01_A0101135110002500052z,0.3333333333333333,0.31372704747804986,47.0,24.0,1.4180804162485274,0.8358046088376719
242,01_01_A0101135110002500065z,0.5,0.4160001839402158,67.0,38.0,1.0063160712838524,0.743057383578445
243,01_01_a0101135120000100022z,0.6666666666666666,0.4944463506564044,32.0,14.0,1.7343752179361944,0.8368536116969894
244,01_01_a0101135120000100035z,0.8333333333333334,0.3561280220513817,23.0,9.0,1.4150293366604332,0.5622094273006261
245,01_01_a0101135190000500032C,0.3333333333333333,0.6890488404233204,45.0,20.0,2.0041309462896777,1.04783949389487
246,01_01_a0101135190000500033B,0.3333333333333333,0.6463615824832745,42.0,21.0,2.006102561671528,1.0319715359884003
247,01_01_A0101135220000100022z,0.16666666666666666,0.7345990399775628,40.0,19.0,2.0015760718827056,0.9368489673089216
248,01_01_A0101135220000100026z,0.16666666666666666,0.6180162235852413,43.0,23.0,2.001784051469216,0.9211755141934586
249,01_01_A0101135220000100034z,0.5,0.6122525348244343,40.0,18.0,1.418867609277199,0.9635339335116592
250,01_01_A0101135220000200046z,0.5,0.21145201723001603,31.0,13.0,1.415960658840265,0.7663166395092695
251,01_01_A0101135220000300015z,0.16666666666666666,1.022842983944748,48.0,20.0,2.001203864706791,1.2677988781382563
252,01_01_A0101135220000300017z,0.5,0.4814888460636274,33.0,13.0,1.7353980042949988,0.9293370941723548
253,01_01_A0101135220000300018z,0.16666666666666666,0.6218751035248129,41.0,23.0,2.0020738677350125,0.9493501606339796
254,01_01_A0101135220000300021z,0.6666666666666666,0.6324958114169759,35.0,15.0,1.735435997705561,1.0341662567686245
255,01_01_a0101135220000400015z,0.5,1.0556667547077685,38.0,17.0,2.0140570864596605,1.2530113979290922
256,01_01_A0101135220000400017z,0.3333333333333333,1.0537893363869129,45.0,21.0,2.0008412361884766,1.2310562898904611
257,01_01_A0101135220000400021z,0.16666666666666666,0.6180162235852413,40.0,19.0,2.0015844215548158,0.8873367551988577
258,01_01_A0101135220000500031z,0.6666666666666666,0.11735509634057036,32.0,14.0,1.4159167435292352,0.6085997606323982
259,01_01_A0101135230000100027z,0.3333333333333333,0.5442459873782548,36.0,15.0,2.00201576263921,0.8918831070826794
260,01_01_A0101135230000100032z,0.5,0.07584288087137409,32.0,17.0,1.7322399739043446,0.7342182443328306
261,01_01_a0101135230001000018z,0.5,0.9980855638534238,32.0,14.0,2.005927536742826,1.2221474814347402
262,01_01_a0101135230001000022z,0.3333333333333333,0.2971298856914345,39.0,19.0,2.0019629221230395,0.7579799846013178
263,01_01_a0101135230001000026z,0.6666666666666666,0.5949359568584989,31.0,13.0,1.745332565215456,1.0436752611128433
264,01_01_a0101135230001600014z,0.5,0.9771808834881271,39.0,17.0,2.0054718225206547,1.147043718608959
265,01_01_a0101135230001600017z,0.5,0.6237971173871251,37.0,17.0,1.735114842199245,0.9325433448364128
266,01_01_a0101135230001600021z,0.16666666666666666,0.5876870693367786,38.0,21.0,2.0021080385471524,0.8326620426663455
267,01_01_a0101135230001900023z,0.5,0.5858319046909164,31.0,16.0,2.0052345443600035,0.980765464523631
268,01_01_a0101135230001900032z,0.5,0.2763368856510686,30.0,19.0,1.7331929209011978,0.7876432350119508
269,01_01_A0101135240000800031z,0.5,0.6034901320148414,39.0,15.0,1.7352374036517044,0.998098222807114
270,01_01_A0101135240000800034z,0.5,0.6237971173871251,36.0,17.0,1.7341595918841697,0.9178032703796829
271,01_01_A0101135240000900011z,0.3333333333333333,0.29607817568039146,38.0,18.0,2.009454832999729,0.7797691404213539
272,01_01_A0101135240000900013z,0.3333333333333333,0.5567931946929039,40.0,20.0,2.0051213435217385,1.0403366828632934
273,01_01_A0101135240000900017z,0.5,0.3905667227837091,29.0,12.0,1.732862837063106,0.6940125319665044
274,01_01_A0101135240001200023z,0.16666666666666666,0.7811167140938571,40.0,25.0,2.001091844693614,1.0677846703113776
275,01_01_A0101135240001200025z,0.16666666666666666,0.7971902138244433,38.0,19.0,2.001099148460007,1.1326755499203516
276,01_01_A0101135240001200031z,0.5,0.5888643432413252,31.0,13.0,1.733592991750749,0.9561489330064
277,01_01_A0101135240001200034z,0.5,0.590337673658692,30.0,13.0,1.733663260600186,0.958565048291104
278,01_01_A0101135240001300023z,0.16666666666666666,0.7670806994766775,40.0,25.0,2.001118342656791,1.0609379620251311
279,01_01_A0101135240001300025z,0.16666666666666666,0.7930243755915161,38.0,19.0,2.0009739856571604,1.1162878981144224
280,01_01_A0101135240001300031z,0.5,0.5833547013680469,31.0,13.0,1.7337125559784667,0.9621210970344148
281,01_01_A0101135240001300034z,0.5,0.5847666430180236,30.0,13.0,1.7337391091723748,0.9585676858556784
282,01_01_A0101135240001400047z,0.3333333333333333,0.17862183349904842,60.0,28.0,1.4171800687941047,0.7604714213302333
283,01_01_A0101135240001500032z,0.5,0.00957526604882708,26.0,16.0,1.7324194080891842,0.7231003954710755
284,01_01_A0101135240001500048z,0.5,0.17831906465627395,42.0,21.0,1.416033762057163,0.7571474980981402
285,01_01_A0101135240001500059z,0.3333333333333333,0.2337710961773844,54.0,31.0,1.4177356842293858,0.7992238782634322
286,01_01_a0101135240001600018z,0.5,0.6257291481951841,37.0,17.0,1.7348126528642962,0.9295589456892168
287,01_01_a0101135240001600022z,0.16666666666666666,0.5833547013680469,50.0,27.0,2.001878199271412,0.8892429012274295
288,01_01_a0101135240001600026z,0.16666666666666666,0.6082364368249216,51.0,27.0,2.0021118399664237,0.9158533953397164
289,01_01_A0101135240002000032z,0.6666666666666666,0.4630309187840403,26.0,12.0,1.4177310624108923,0.9209214465360436
290,01_01_a0101135240002200031z,0.5,0.2920133299845758,28.0,17.0,1.7330778273681329,0.7918625150837539
291,01_01_A0101135240002300030z,0.6666666666666666,0.236688670766724,29.0,15.0,1.7336725158648674,0.7186784045596756
292,01_01_A0101135240002300048z,0.8333333333333334,0.4087792294914387,21.0,14.0,1.0015208397121256,0.717270447702168
293,01_01_a0101135240003000048z,0.6666666666666666,0.3854563017137988,28.0,15.0,1.0015978499532021,0.6551334818429431
294,01_01_a0101135240003000055z,0.5,0.3053104989295478,36.0,17.0,1.004075871927948,0.7888619302974693
295,01_01_a0101135240003000061A,0.5,0.3137437411547102,36.0,19.0,1.0013888525578674,0.8253379507293476
296,01_01_a0101135240003000061B,0.6666666666666666,0.3144276320148413,28.0,15.0,1.0020455031924318,0.8265160850232985
297,01_01_A0101135270000200034z,0.5,0.5713831123773552,31.0,13.0,1.733375663850694,0.9067308192755816
298,01_01_A0101135270000200046z,0.3333333333333333,0.15308148414394512,35.0,19.0,1.4161704069089422,0.5350588784285114
299,01_01_A0101135270000200055z,0.3333333333333333,0.17171914517919934,54.0,30.0,1.4166817996682777,0.8288555362730622
300,01_01_A0101135270000500024z,0.16666666666666666,0.7073141371927294,41.0,22.0,2.001537413691074,0.9219566939681938
301,01_01_A0101135270000500031z,0.6666666666666666,0.07514678403834113,31.0,16.0,1.4159039563095612,0.7268589682255215
302,01_01_A0101135270000500042z,0.5,0.17490216905187833,31.0,15.0,1.4149491625100623,0.6649914604288127
303,01_01_a0101135270000600028z,0.5,0.36186637201758737,34.0,15.0,1.7360351224470512,0.9438145177915959
304,01_01_A0101135270000700023z,0.16666666666666666,0.5907437254546593,43.0,23.0,2.001343046067496,0.8994799664311319
305,01_01_A0101135270000700026z,0.5,0.5526329382826476,26.0,14.0,1.7334835252409375,0.778435876875027
306,01_01_A0101135270000700032z,0.3333333333333333,0.2637053067037002,35.0,20.0,1.7333014990771478,0.7446827719732397
307,01_01_A0101135270000800034z,0.6666666666666666,0.28110662249317386,26.0,14.0,1.4146544326190464,0.6865385282589518
308,01_01_a0101135270001100028z,0.5,0.6903065063941027,29.0,18.0,1.7342373490795988,0.984076095803176
309,01_01_A0101135270001100038z,0.6666666666666666,0.6784276890379346,27.0,8.0,1.419630202358594,0.9816436819660188
310,01_01_A0101135270001200035z,0.6666666666666666,0.6198982444050964,31.0,13.0,1.7344094678426647,0.8669652500304226
311,01_01_A0101135270001600036z,0.6666666666666666,0.6218246786956271,36.0,13.0,1.4196085376849883,0.9865920896839006
312,01_01_A0101135270001800037z,0.8333333333333334,0.6051546700885775,23.0,15.0,1.4183671880263695,0.8762511992944637
313,01_01_A0101135270002800054z,0.5,0.3749172349400292,37.0,24.0,1.416172158471377,0.8553859827148188
314,01_01_A0101135270002800061z,0.6666666666666666,0.1855953565833012,35.0,18.0,1.4148910120074485,0.7900558797518474
315,01_01_A0101135270002800072z,0.16666666666666666,0.4725027163505327,53.0,27.0,1.4207876682405691,0.879931440780717
316,01_01_A0101135270003100023z,0.5,0.6417075651483193,32.0,17.0,1.7332457090087714,0.8656182776144622
317,01_01_A0101135270003100025z,0.5,0.6357374158945879,32.0,16.0,1.7335524661674426,0.9714330364804836
318,01_01_A0101135270003100035z,0.6666666666666666,0.6006329382826476,27.0,13.0,1.4155213816749317,0.9087511575888712
319,01_01_A0101135270003100045z,0.5,0.4940853680250363,36.0,16.0,1.415386885000727,0.8593378017903582
320,01_01_A0101135270003200047z,0.6666666666666666,0.2438365154530656,24.0,9.0,1.425157181173048,0.7226890708342915
321,01_01_A0101135270004100074z,0.16666666666666666,0.3215562411547102,84.0,36.0,1.0092957001015013,0.8454300563110628
322,01_01_A0101135270004200035A,0.8333333333333334,0.3638798930390281,26.0,10.0,1.4174708854724904,0.7597818303718079
323,01_01_A0101135270004200035B,0.6666666666666666,0.23827113704041156,33.0,10.0,1.415462306118019,0.8218828355451421
324,01_01_A0101135270004200050B,0.6666666666666666,0.3488274924587197,22.0,16.0,1.4168756969672842,0.8085974445392514
325,01_01_A0101135270004200057z,0.5,0.6835926840453594,45.0,25.0,1.420233838007455,1.0006400291618769
326,01_01_A0101135270004200068B,0.5,0.3333334002949679,37.0,24.0,1.4164072282460785,0.7996740293673826
327,01_01_A0101135270004200101z,0.16666666666666666,0.5105612298186977,76.0,45.0,1.4211039140334922,1.1368224889037266
328,01_01_A0101135270004300048z,0.8333333333333334,0.44279608542161214,28.0,8.0,1.4162829375882084,0.7648710321270845
329,01_01_A0101135270004300066a,0.5,0.3034567087744508,26.0,15.0,1.4155557991086094,0.7786140443799516
330,01_01_A0101135270004300067a,0.6666666666666666,0.8317194235225001,24.0,12.0,1.4183243438949935,1.0983147024115874
331,01_01_A0101135270004300068b,0.6666666666666666,0.5121299262344547,33.0,16.0,1.001988556246908,0.9360642071874616
332,01_01_A0101135270004300081z,0.5,0.5884204747257962,57.0,33.0,1.0099321947525128,1.0210461031422704
333,01_01_A0101135270005200052z,0.5,0.343563137712847,53.0,18.0,1.0115601533499317,0.8826826736030039
334,01_01_a0101135270005400053z,0.16666666666666666,0.5435894600217781,48.0,25.0,1.4170959236330771,0.8126942652839609
335,01_01_A0101135270005700034b,0.6666666666666666,0.4684947340572954,28.0,15.0,1.7341369640546214,0.9879297527954274
336,01_01_A0101135270005700034z,0.6666666666666666,0.4786745449108896,31.0,13.0,1.7337512982790229,1.0671004332535032
337,01_01_A0101135270005700050z,0.6666666666666666,0.3951298930390281,32.0,13.0,1.001098687142672,0.7867678601329028
338,01_01_A0101135270005700053z,0.6666666666666666,0.5587896284234926,32.0,12.0,1.4167895173520575,0.9699089829579126
339,01_01_A0101135270005700068b,0.6666666666666666,0.4281693378311803,35.0,16.0,1.0018717197531604,0.8565162682265239
340,01_01_a0101135270005900026a,0.5,0.5874231290183425,38.0,16.0,2.001305612125277,0.9035405390159584
341,01_01_a0101135270005900026b,0.6666666666666666,0.4886222285639775,27.0,8.0,1.7325241118017667,0.6618295988924796
342,01_01_a0101135270005900026b1,0.6666666666666666,0.4865710648490636,23.0,8.0,1.732442940372361,0.6469573864917034
343,01_01_a0101135270005900026d,0.5,0.3087382422528709,29.0,14.0,2.0003636042738755,0.6776114615021216
344,01_01_a0101135270005900033b,0.6666666666666666,0.2889846566861953,28.0,12.0,1.4152693871771092,0.7680369287555662
345,01_01_a0101135270005900033b1,0.8333333333333334,0.2811721566861953,23.0,9.0,1.4153204128193617,0.75405386697779
346,01_01_a0101135270005900043a,0.5,0.2149882422528709,29.0,19.0,1.4148634113493703,0.7693859366409509
347,01_01_a0101135270005900050z,0.5,0.1784567087744508,32.0,12.0,1.415003793693861,0.7435518163281102
348,01_01_a0101135270005900068z,0.3333333333333333,0.4529714941409582,45.0,22.0,1.4199165964729583,0.7981065267746912
349,01_01_A0101135270006100010z,0.3333333333333333,0.5393202767839396,49.0,23.0,2.010601946320521,1.1947178311816964
350,01_01_A0101135270006100011z,0.5,0.8550393127846396,50.0,24.0,2.014003247403501,1.3191792576585462
351,01_01_A0101135270006100013z,0.3333333333333333,1.074412855344259,50.0,24.0,2.013573182255135,1.4477270036494791
352,01_01_a0101135270007300062z,0.3333333333333333,0.21126189027327985,58.0,23.0,1.006986255933449,0.8687416902805898
353,01_01_a0101135270007500061z,0.5,0.4396478002784013,40.0,15.0,1.4157351829841536,0.7573649531050651
354,01_01_a0101135270007500071z,0.6666666666666666,0.4566329382826476,31.0,10.0,1.002129640101088,0.7041773707772785
355,01_01_a0101135270007800058A,0.3333333333333333,0.599899983737193,43.0,24.0,1.4172920835391332,0.9012074253639806
356,01_01_a0101135270007800058B,0.5,0.3792607487751529,40.0,23.0,1.4157121718937902,0.8286880997565241
357,01_01_a0101135270007800064z,0.5,0.5168639613849577,52.0,25.0,1.4183349455533008,0.9004833046067221
358,01_01_a0101135270007900060z,0.5,0.6388253986001078,42.0,17.0,1.4183022453385097,0.9555437833726612
359,01_01_a0101135270008000043A,0.5,0.7740612536948339,41.0,19.0,1.0200678117560769,1.0208579682069778
360,01_01_a0101135270008000043B,0.5,0.4370654073228953,45.0,28.0,1.4189660571436362,1.002863139272921
361,01_01_a0101135270008000043C,0.5,0.3712162716159809,37.0,17.0,1.4218680901137972,0.902485135580894
362,01_01_a0101135270008400054z,0.5,0.5459454382826476,30.0,17.0,1.4153585357697334,0.9474389293648192
363,01_01_a0101135270008400063z,0.5,0.2755135652922938,51.0,21.0,1.0134320387556404,0.8226399430220613
364,01_01_a0101135270008500048z,0.8333333333333334,0.3672087139389722,27.0,9.0,1.003042732597487,0.8791663653055504
365,01_01_a0101135270009000089z,0.5,0.3412322387692656,49.0,25.0,1.416737417528155,0.6804686958061645
366,01_01_A0101135270009500024z,0.8333333333333334,0.3112692087744508,24.0,5.0,1.0054860245452863,0.7991792612961524
367,01_01_A0101135270009500040A,0.6666666666666666,0.3893725519852715,25.0,15.0,1.0022808106030112,0.8028489458921563
368,01_01_A0101135270009500040B,0.5,0.5336818363542728,28.0,17.0,1.4167823532423296,0.7999877386842126
369,01_01_a0101135270010500025A2,0.8333333333333334,1.149396975715803,26.0,9.0,1.0240060487722369,1.2567226592026286
370,01_01_a0101135270010500040B1,0.5,1.0786885287349088,40.0,17.0,1.4362804267262217,1.358276525567759
371,01_01_a0101135270010500040B2,0.5,0.9827007774786274,40.0,20.0,1.4373419697202177,1.3578570940209185
372,01_01_a0101135270010500040B3,0.6666666666666666,0.9717025472873868,37.0,12.0,1.0200546728333968,1.2765519833932817
373,01_01_a0101135270010500041C1,0.6666666666666666,0.7439398203051195,35.0,16.0,1.018811773282053,1.0910448790956633
374,01_01_a0101135270010500041C2,0.6666666666666666,0.8997512893464772,35.0,11.0,1.0158317313751937,1.210840015919929
375,01_01_a0101135270010500051D,0.5,0.4776967288431196,47.0,20.0,1.0093562138674579,0.9780352776846796
376,01_01_A0101135280000100034z,0.5,0.5765239464570344,32.0,21.0,1.7335050985959553,0.8450763401611574
377,01_01_A0101135280000100067z,0.5,0.4451589941409582,59.0,30.0,1.0060336513534396,0.9230423308187646
378,01_01_A0101135280000300031z,0.5,0.6300893204578741,33.0,17.0,1.7353726597891912,0.832085395296841
379,01_01_A0101135280000300034z,0.5,0.4654241470738563,31.0,15.0,1.4147102730372303,0.698520172846843
380,01_01_A0101135280000400055z,0.3333333333333333,0.4025549240982504,68.0,37.0,1.4178465252797543,0.853611596273217
381,01_01_A0101135280000500035z,0.5,0.5819735377376885,37.0,20.0,1.7334499063850208,0.9120963433611452
382,01_01_A0101135280000500045z,0.5,0.2740003197724896,55.0,27.0,1.0046796319295637,0.7061618903732372
383,01_01_A0101135280000500056z,0.6666666666666666,0.2609365316487409,58.0,27.0,1.0010998589465352,0.8479608233519208
384,01_01_A0101135280000500066z,0.5,0.3230886344851792,94.0,43.0,1.0070877158898504,0.9014028662308431
385,01_01_a0101135280000800026z,0.6666666666666666,0.6526311749597635,33.0,13.0,1.7335339382538282,0.8861953961819229
386,01_01_a0101135280000800040z,0.6666666666666666,0.3342989749997102,26.0,11.0,1.4156026553337129,0.4830393833678058
387,01_01_a0101135280000800042z,0.6666666666666666,0.2378829382826476,33.0,10.0,1.0017388031563963,0.5619483211539937
388,01_01_A0101135280000900026z,0.16666666666666666,0.7345990399775628,41.0,21.0,2.002411132455122,0.9565954538067292
389,01_01_A0101135280000900034z,0.6666666666666666,0.3572044834292522,21.0,14.0,1.414678774043164,0.7320337181838698
390,01_01_A0101135280000900043z,0.5,0.2867821620513842,33.0,14.0,1.4154211731593724,0.7391559327846748
391,01_01_a0101135280001000023z,0.3333333333333333,0.6948774523892307,39.0,17.0,2.0015766652146234,1.0129906933706698
392,01_01_a0101135280001000033z,0.6666666666666666,0.6219221944809947,24.0,10.0,1.4155995747659755,0.925161638367289
393,01_01_a0101135280001900031z,0.5,0.34170993103627073,24.0,12.0,1.7327300998680988,0.6471844165631397
394,01_01_A0101135280002900031z,0.5,0.3414678808713741,24.0,12.0,1.73253936735014,0.6617125407593945
395,01_01_A0101135280002900057z,0.5,0.3994705564859573,70.0,34.0,1.0027424355434509,0.7520131758997441
396,01_01_A0101135280003000031z,0.5,0.2560105050177605,28.0,17.0,1.7331677618935943,0.6169526622308983
397,01_01_A0101135280003000055z,0.5,0.16573121042087652,47.0,22.0,1.0062689388837704,0.7659652658035067
398,01_01_A0101135280003100055z,0.3333333333333333,0.4358756390125746,72.0,37.0,1.4176867678217788,0.8571505091291609
399,01_01_a0101135280003800042z,0.3333333333333333,0.26405400453523553,40.0,14.0,1.4167539389894523,0.7249454479883078
400,01_01_a0101135280003800048z,0.3333333333333333,0.31067586484852233,47.0,17.0,1.4168789469129062,0.7561494477909352
401,01_01_a0101135280003800053z,0.3333333333333333,0.34369172278370913,44.0,26.0,1.4150731185846035,0.7794165297400866
402,01_01_A0101135280005300013A,0.5,1.3728340556010832,42.0,18.0,2.0041810533502438,1.439030830140476
403,01_01_a0101135280005300020C,0.5,0.5444882354402703,36.0,16.0,2.005853504472339,0.9737257389318524
404,01_01_A0101135280005600010z,0.5,1.0739168888999315,46.0,21.0,2.0125114506727795,1.3921448818268785
405,01_01_A0101135280005600014z,0.5,1.3284278100775193,46.0,21.0,2.0106066370803792,1.5068447761984274
406,01_01_A0101135280005600016z,0.5,1.1059835876332968,41.0,19.0,2.0044683805279133,1.3341632318561851
407,01_01_A0101135280005600017z,0.5,1.1232996049493142,42.0,19.0,2.0048332723481828,1.3450000106692104
408,01_01_A0101135280005600018z,0.5,1.1929008347584185,38.0,17.0,2.001565687882958,1.2625410907682624
409,01_01_A0101135280005600020z,0.3333333333333333,0.5247594589639129,42.0,19.0,2.0018485949256557,0.9633750798893332
410,01_01_A0101135280005600022z,0.5,0.8498532772656984,36.0,16.0,2.0027206263530686,1.0807565830348491
411,01_01_A0101135280006000035z,0.6666666666666666,0.4383419015655849,34.0,16.0,1.4153864196485535,0.7602772139840749
412,01_01_A0101135280006000036z,0.8333333333333334,0.4039028558650652,27.0,11.0,1.4151173005418465,0.6719613124398077
413,01_01_a0101135280006300021a,0.8333333333333334,0.5139121745594972,29.0,12.0,1.416741046011917,0.8803101767838396
414,01_01_a0101135280006300021b,0.6666666666666666,0.4232300155269064,33.0,15.0,1.4158790115524449,0.9478595077774974
415,01_01_a0101135280006300021d,0.6666666666666666,0.6757095058067633,37.0,19.0,1.4183445293792056,1.142843799586246
416,01_01_a0101135280006300028e,0.6666666666666666,0.5767373769249453,29.0,18.0,1.4181896390220818,0.9773332835401832
417,01_01_a0101135280006400040z,0.8333333333333334,0.12850793828264756,25.0,9.0,1.0011372558434863,0.7181305292987483
418,01_01_a0101135280006400042z,0.6666666666666666,0.2725079382826476,43.0,21.0,1.0019745539980782,0.8144084196745621
419,01_01_a0101135280007100031z,0.8333333333333334,0.5426546700885775,31.0,12.0,1.415322070261584,0.8266553367050715
420,01_01_a0101135280007500023z,0.8333333333333334,0.1503307462158417,17.0,3.0,1.4149030378018037,0.6734796295056436
421,01_01_a0101135280007500032C,0.8333333333333334,0.2279381675891353,27.0,8.0,1.415114710423436,0.7130308979255052
422,01_01_a0101135280007500033z,0.5,0.2415835961773844,33.0,16.0,1.4148991744528057,0.7855711223449157
423,01_01_a0101135280007500044z,0.5,0.27115034334593874,30.0,19.0,1.4173026084474474,0.7956974063696716
424,01_01_a0101135280007500046z,0.5,0.3218621049493143,30.0,19.0,1.4174036704259698,0.803513204968236
425,01_01_a0101135280007500054z,0.5,0.24373731807804394,33.0,16.0,1.4150552482897556,0.7885647114869246
426,01_01_a0101135280008100025z,0.8333333333333334,0.9032238473735564,22.0,10.0,1.4172809470522294,1.1038517369141487
427,01_01_a0101135280008100030z,0.8333333333333334,0.9728431442751568,23.0,10.0,1.4175409162750618,1.1406702978492578
428,01_01_a0101135280008100032z,0.8333333333333334,0.3983319046909163,27.0,5.0,1.4177374931361897,0.8878297535635223
429,01_02_A0102134010000100019z,0.16666666666666666,0.6161770978268071,46.0,23.0,2.0004067475305582,1.0366291049946903
430,01_02_A0102134010000100021z,0.16666666666666666,0.8121884938382031,43.0,25.0,2.0021643540886958,1.074483143679692
431,01_02_a0102134010000100045z,0.5,0.4399736593228367,44.0,19.0,1.0051755613700744,0.8681288360595778
432,01_02_A0102134010000200019z,0.3333333333333333,0.6523515927168984,38.0,19.0,2.0008786877895908,1.0575624952605478
433,01_02_A0102134010000200024z,0.16666666666666666,0.6372020997246539,48.0,26.0,2.002435565466414,1.0132485813219625
434,01_02_A0102134010000200028z,0.16666666666666666,0.788880495285905,54.0,31.0,2.0026439813848995,1.0743696961937377
435,01_02_A0102134010000700031z,0.6666666666666666,0.3526710218207311,25.0,12.0,1.7340456283279695,0.8643017012735985
436,01_02_A0102134010000700040z,0.8333333333333334,0.4462044075309391,32.0,9.0,1.0041553041570714,0.8245211905477965
437,01_02_A0102134010001000028z,0.6666666666666666,0.3734164038226156,24.0,12.0,1.733055992204516,0.7143932685392252
438,01_02_A0102134010001000038z,0.8333333333333334,0.7512259365644345,23.0,8.0,1.417704937503892,1.0112549288818042
439,01_02_A0102134010001300016z,0.3333333333333333,1.2204520337600344,42.0,16.0,2.006720377639515,1.3615841004619171
440,01_02_A0102134010001300023z,0.16666666666666666,0.8190022762617417,41.0,22.0,2.0019094248432068,1.0101953275909183
441,01_02_A0102134010001300032z,0.6666666666666666,0.5727279250900355,28.0,10.0,1.41853404889434,0.884295308432608
442,01_02_a0102134010001400034z,0.5,0.4940853680250363,31.0,13.0,1.7325646694043473,0.7758289564577217
443,01_02_a0102134010002000024z,0.5,0.7197138100405727,40.0,22.0,1.7344173705591606,1.0424009174437965
444,01_02_A0102134010002100028z,0.16666666666666666,0.7829169261980553,55.0,31.0,2.0021481513480035,1.0791661328108924
445,01_02_A0102134010002300032z,0.6666666666666666,0.6439747104345463,31.0,15.0,1.4163609859223232,0.9948218548928636
446,01_02_a0102134010003300053z,0.6666666666666666,0.37952035728912703,31.0,7.0,1.4149241687820324,0.6584627328369708
447,01_02_a0102134010003700032A,0.8333333333333334,0.6859662716159809,24.0,9.0,1.4158245434623142,0.9509572771526894
448,01_02_A0102134010007100034B,0.6666666666666666,0.5642693819446194,36.0,17.0,1.4148274477688316,0.8787460386386351
449,01_02_A0102134010007100034C,0.6666666666666666,0.25928730575252706,35.0,16.0,1.4149477561370325,0.9048439059025256
450,01_02_A0102134010008000030z,0.6666666666666666,0.5956635505275456,32.0,12.0,1.418182675242222,1.0260572915410262
451,01_02_A0102134020000200023d,0.5,0.7407832309247879,32.0,14.0,1.7363627144692215,1.002158295256529
452,01_02_A0102134020000200023d1,0.5,0.9439056655553748,33.0,15.0,1.7361245374975791,1.1615221221606489
453,01_02_A0102134020000200033b,0.5,0.6560287086753969,30.0,15.0,1.735633281938925,0.8809077677381361
454,01_02_A0102134020000200033c,0.16666666666666666,0.3486400021647114,42.0,21.0,2.0013322873389927,0.8854383865468148
455,01_02_A0102134020000200034a,0.5,0.30315997254388954,33.0,12.0,1.7326253570898849,0.8041217724576707
456,01_02_A0102134020000400025z,0.5,0.7358352174849268,34.0,17.0,1.733229674301675,0.9568435231669704
457,01_02_a0102134020000700026B,0.3333333333333333,0.3778025206754241,42.0,19.0,2.000718482266896,0.8073743364158663
458,01_02_a0102134020000700026C,0.3333333333333333,0.33748062743671303,30.0,16.0,2.000419605026599,0.7359021849553862
459,01_02_a0102134020000700046B,0.5,0.5435894600217781,31.0,18.0,1.416033552695066,0.6892434418439548
460,01_02_A0102134020000800022z,0.16666666666666666,0.7624433358361644,41.0,20.0,2.0014602405923165,0.9323579395499436
461,01_02_A0102134020000800027z,0.16666666666666666,0.6509903050538075,41.0,20.0,2.0025099649391027,0.8719284490582022
462,01_02_A0102134020000900035z,0.6666666666666666,0.2479801569554477,32.0,17.0,1.4149366061384403,0.7005204224367498
463,01_02_A0102134020001800026z,0.5,0.6635294900067854,35.0,19.0,1.7335564376212955,0.9210782691325724
464,01_02_A0102134020001800033z,0.6666666666666666,0.6031118115220842,32.0,16.0,1.4155240730602845,0.9004478780455568
465,01_02_A0102134020001900026z,0.5,0.7730508487304089,33.0,16.0,1.7335953607902932,1.0559903012634635
466,01_02_A0102134020002800031A,0.6666666666666666,0.4793882199727884,32.0,11.0,1.4210639498641644,0.95854583303465
467,01_02_A0102134020002800032A,0.6666666666666666,0.7042519859016951,38.0,18.0,1.4171379636670336,0.9917929339607932
468,01_02_A0102134020002800032B,0.6666666666666666,0.5948769859016951,29.0,13.0,1.4185079268685066,0.9769301480322076
469,01_02_A0102134020003600024A,0.6666666666666666,0.7044715549973449,33.0,14.0,1.7331056946036691,0.9947189858925272
470,01_02_A0102134020003600024B,0.6666666666666666,0.8252129987056083,27.0,11.0,1.7330874861104932,1.0475135472649215
471,01_02_a0102134020003700034A,0.6666666666666666,0.1930580269351298,23.0,8.0,1.4152885954472432,0.7794436147841777
472,01_02_A0102134020003900029z,0.5,0.5289220949091535,36.0,17.0,1.734870977614758,0.9769761478075843
473,01_02_A0102134020005700032A,0.6666666666666666,0.6100220227896898,23.0,12.0,1.4186172457892887,0.9000817095242868
474,01_02_A0102134020005700032B,0.6666666666666666,0.4753683012803057,27.0,9.0,1.4154606373159744,0.6187572777757144
475,01_02_A0102134020005700038z,0.5,0.4835611297720092,46.0,23.0,1.0028953732682335,0.8704802127760229
476,01_02_A0102134020005700041z,0.6666666666666666,0.2858240736294037,40.0,22.0,1.0024613516731362,0.7239558086285999
477,01_02_A0102134020006400032z,0.6666666666666666,0.15058530027840128,29.0,14.0,1.415951665139149,0.6725954375188985
478,01_02_A0102134020007600033A,0.8333333333333334,0.1423287443828654,25.0,12.0,1.0030796042411407,0.6206147945529226
479,01_02_a0102134020007600033AA,0.8333333333333334,0.14262731729763686,25.0,12.0,1.0020385494688997,0.6144176459735553
480,01_02_A0102134030000200026z,0.5,0.6745257674362526,32.0,14.0,1.7334677817896469,0.9750845118139184
481,01_02_A0102134030000200033z,0.6666666666666666,0.5634729087841226,24.0,12.0,1.4164756340593636,0.9304670589978388
482,01_02_A0102134030000400026z,0.5,0.7452927320970806,37.0,17.0,1.7351651714220593,0.9983064272764852
483,01_02_A0102134030000400033z,0.6666666666666666,0.3680846787889767,33.0,15.0,1.4163991388902182,0.8781617042783129
484,01_02_A0102134030000500024z,0.5,0.5713774415399766,32.0,16.0,1.7348059705900063,0.9139560243354212
485,01_02_A0102134030000500026z,0.5,0.6357374158945879,36.0,18.0,1.7352367455761164,0.9578710831449044
486,01_02_A0102134030000500034z,0.5,0.6609673036077249,36.0,17.0,1.7345284526345868,0.9334314607298256
487,01_02_A0102134030001500026z,0.5,0.7042519859016951,32.0,16.0,1.7339721778622514,0.955360083734934
488,01_02_a0102134030001500033A,0.6666666666666666,0.6707002165701093,26.0,13.0,1.4163213770717162,0.9438651450329488
489,01_02_A0102134030001600034z,0.6666666666666666,0.3875184674403149,35.0,14.0,1.4152366028125145,0.6413853932846473
490,01_02_A0102134030001800026z,0.6666666666666666,0.6955987887981114,31.0,15.0,1.4171377186482732,1.0255166674337015
491,01_02_A0102134030001800035z,0.8333333333333334,0.65949513247225,27.0,9.0,1.417757489690432,0.9430825142958172
492,01_02_A0102134030002600031z,1.0,0.3176037527403169,22.0,6.0,1.0007889258388043,0.66778422629404
493,01_02_A0102134030002600033z,0.8333333333333334,0.10075078385500176,23.0,8.0,1.4150944436797583,0.4522228364840376
494,01_02_A0102134030002600043z,0.8333333333333334,0.27586897690477696,28.0,9.0,1.0007915912238778,0.7141781863435451
495,01_02_a0102134030002900031z,0.5,0.4388219589639128,34.0,20.0,1.4178443932878408,0.8966974277098207
496,01_02_A0102134030004100023z,0.6666666666666666,0.34879482352854924,34.0,19.0,1.7366301566714002,0.9875566767513131
497,01_02_A0102134030004100035z,0.6666666666666666,0.7684973450623085,34.0,19.0,1.4149924508680218,1.0900367022747788
498,01_02_A0102134030004100038z,0.5,0.7576362827642529,30.0,14.0,1.419865360481133,1.0381697691487821
499,01_02_A0102134030004500025A,0.6666666666666666,0.6485834026789323,30.0,14.0,1.4166655694500776,0.9976601122252122
500,01_02_A0102134030004500025C,0.6666666666666666,0.6336240887251254,30.0,15.0,1.4160288819906297,0.9456371281134685
501,01_02_a0102134030005200027z,0.8333333333333334,0.7106011922509015,24.0,9.0,1.4180189947635662,0.9489121218990502
502,01_02_a0102134030006100031z,0.8333333333333334,0.6681133008204119,22.0,9.0,1.4178231120719524,0.9594934124547412
503,01_02_A0102134030007000032A,0.8333333333333334,0.3890910981199221,23.0,9.0,1.0012694727120426,0.7038532810471559
504,01_02_A0102134030007000032B,0.6666666666666666,0.03770201723001598,31.0,11.0,1.4168493826368995,0.6708474009791129
505,01_02_A0102134030007000044z,0.5,0.2242345949091536,34.0,20.0,1.4151587723182741,0.7630622041848861
506,01_02_a0102134030007100032z,0.6666666666666666,0.6446671263168355,27.0,15.0,1.4168177240604412,0.9783765549828252
507,01_02_A0102134030007700032z,0.6666666666666666,0.5123173930390281,29.0,10.0,1.41601986590314,0.8517102899760609
508,01_02_A0102134030007800031z,0.6666666666666666,0.2716380277470764,27.0,11.0,1.4154411888149774,0.6828681346239359
509,01_02_A0102134030008000031A,0.8333333333333334,0.10442923957854387,16.0,11.0,1.4155510077129752,0.5342045175372581
510,01_02_a0102134030008300031N,0.6666666666666666,0.27269915378158605,26.0,12.0,1.4145647124365384,0.6634181867216035
511,01_02_a0102134030008800026A,0.8333333333333334,0.3268724552677856,29.0,11.0,1.4149235028590306,0.6890774494957823
512,01_02_a0102134030008800032A,0.8333333333333334,0.3356778234601006,31.0,11.0,1.4146011513194792,0.6873045441431983
513,01_02_a0102134030009300032z,0.8333333333333334,0.4692086149208242,27.0,7.0,1.4173362354038592,0.8085372125314926
514,01_02_a0102134030009300034z,0.6666666666666666,0.0755474119668581,23.0,11.0,1.414986306074875,0.6350777054419535
515,01_02_a0102134030010600030B,1.0,0.5087598195535505,22.0,6.0,1.0063337330703341,0.9928633776452952
516,01_02_a0102134030010600044z,0.5,0.4629290070787164,44.0,16.0,1.0025014432845103,0.881120178779059
517,01_02_a0102134050001000033B,0.8333333333333334,0.352829804697914,21.0,9.0,1.4163379121791075,0.6093824936567523
518,01_02_A0102134050001100025z,0.5,0.7030010402893365,35.0,19.0,1.7342035484740823,1.0285934612597718
519,01_02_A0102134050001100035z,0.6666666666666666,0.5385302008156292,28.0,14.0,1.4163802827856944,0.8811991443440267
520,01_02_A0102134050002400023z,0.5,0.6837410732032825,28.0,13.0,1.7338907015311655,0.9480484673614852
521,01_02_A0102134050002400028z,0.5,0.6822777795524888,26.0,15.0,1.7342437590010655,0.9852984503232604
522,01_02_A0102134050002400033z,0.6666666666666666,0.6343614126028894,29.0,8.0,1.4171645984453838,0.9252433761550112
523,01_02_A0102134050002400045z,0.5,0.12005423957854387,33.0,12.0,1.4149923190125913,0.6946597708765225
524,01_02_A0102134050002900031z,0.8333333333333334,0.6429055968929194,23.0,7.0,1.4203769611246064,0.9507412626969426
525,01_02_A0102134050003000032z,1.0,0.3215483465600525,14.0,6.0,1.003061362689123,0.4494460938604684
526,01_02_A0102134050003700025z,0.8333333333333334,0.4459778178007198,36.0,15.0,1.001319898779247,0.9024341272606043
527,01_02_A0102134050003700033z,0.8333333333333334,0.4152492076839779,48.0,21.0,1.0039124821982914,0.9317676357187292
528,01_02_A0102134050004400031z,0.6666666666666666,0.6801978929654271,33.0,18.0,1.4168229331401223,0.9643514031075016
529,01_02_a0102134050005300024z,0.8333333333333334,0.7055132314422567,23.0,8.0,1.4164433249107704,0.9616682962978772
530,01_02_a0102134050005300033z,0.8333333333333334,0.1807400811397904,16.0,3.0,1.4156768211133657,0.6332581010155177
531,01_02_a0102134050005400034B,0.6666666666666666,0.4715926402291196,26.0,12.0,1.4154198934351865,0.8873507039465078
532,01_02_A0102134060000300026z,0.5,0.7590507517383052,36.0,16.0,1.7336101274541016,0.96005980724943
533,01_02_A0102134060000700024z,0.16666666666666666,0.6729917773327796,44.0,27.0,2.0010617117666385,0.8951250240947264
534,01_02_A0102134060000700028z,0.5,0.6635294900067854,30.0,15.0,1.7349246760379957,0.8460191052185144
535,01_02_A0102134060000800028z,0.5,0.5898515927168984,31.0,17.0,1.7344303277776376,0.8639989010543843
536,01_02_A0102134060000900023z,0.3333333333333333,0.3543882199727884,70.0,35.0,1.4456728767558258,0.8876841995269621
537,01_02_A0102134060000900031z,0.3333333333333333,0.3543882199727884,70.0,35.0,1.4349320568412902,0.8808789974881382
538,01_02_A0102134060000900034z,0.5,0.3961132655806977,32.0,18.0,1.7365208264833891,0.8446109117059898
539,01_02_A0102134060001200026z,0.5,0.7436431994766775,34.0,16.0,1.7333613158766994,1.0499709205439844
540,01_02_a0102134060001400032z,0.16666666666666666,0.668010579127718,45.0,23.0,2.0059511545481725,1.0644132168897014
541,01_02_A0102134060001700025z,0.6666666666666666,0.7210397179436645,32.0,14.0,1.7343685819894306,0.9268443204449924
542,01_02_A0102134060001700033z,0.8333333333333334,0.6242402144020505,22.0,9.0,1.418145569030986,0.9294623611770706
543,01_02_A0102134060001800023z,0.3333333333333333,0.668231314415578,44.0,20.0,2.0026931093999623,1.0919576816223675
544,01_02_A0102134060001800025i,0.6666666666666666,0.2938499047838882,25.0,9.0,1.7357642817368069,0.6868892137199143
545,01_02_A0102134060001800031z,0.5,0.38294586606517855,39.0,21.0,1.739562480171035,0.7276884203053677
546,01_02_A0102134060001800034z,0.5,0.37973088947970096,36.0,12.0,1.742763524248893,0.7421603814132305
547,01_02_A0102134060001900016z,0.5,0.18362428673133496,31.0,15.0,2.00191860208885,0.7631963470848103
548,01_02_A0102134060001900018z,0.6666666666666666,0.18763002808309096,35.0,16.0,1.732609639052073,0.8108017769777057
549,01_02_A0102134060001900022z,0.3333333333333333,0.16172853309481214,35.0,16.0,2.0040547684293517,0.7768400699173232
550,01_02_A0102134060001900025s,0.6666666666666666,0.291171780993645,25.0,9.0,1.7366997452709374,0.6883917860378358
551,01_02_A0102134060002000016z,0.5,0.18295979443113947,31.0,15.0,2.001734357016625,0.78557237182576
552,01_02_A0102134060002000022z,0.3333333333333333,0.1478434130687038,35.0,16.0,2.0041027901982984,0.7768370611011846
553,01_02_A0102134060002000025z,0.3333333333333333,0.2994325805008945,33.0,16.0,2.006016883617645,0.8346780625640903
554,01_02_A0102134060002200026z,0.6666666666666666,0.7041899415399766,31.0,14.0,1.7346094954616382,0.9139433272690042
555,01_02_A0102134060002200031z,0.8333333333333334,0.7008573607248918,31.0,15.0,1.4174243005376908,0.878797888612625
556,01_02_a0102134070000100034z,0.6666666666666666,0.5152600750347842,29.0,12.0,1.4213396650886492,0.912594347349394
557,01_02_a0102134070000200032z,0.5,0.521795845550818,26.0,15.0,1.7354427795389469,0.9435968801013452
558,01_02_A0102134070000200033A,0.5,0.5739662716159808,38.0,17.0,1.7350532900339308,0.9595190878017666
559,01_02_A0102134070000300018z,0.3333333333333333,0.6178269681333939,37.0,17.0,2.0012969876718243,0.9036808711725008
560,01_02_A0102134070000300023z,0.5,0.6781313096181525,36.0,18.0,1.7347724475756905,0.9219720827740572
561,01_02_A0102134070000300027z,0.5,0.3725501881281876,33.0,13.0,1.7335499958743246,0.7059531511360279
562,01_02_A0102134070000300030z,0.5,0.5656247638957266,32.0,17.0,1.7338717472767555,0.9359483005269952
563,01_02_A0102134070000300045z,0.3333333333333333,0.4634111593228367,36.0,21.0,1.4165169230632568,0.6779869125443871
564,01_02_A0102134070000500032z,0.5,0.06715288974283012,29.0,17.0,1.7329572950714363,0.7677869100370107
565,01_02_A0102134070000600034z,0.3333333333333333,0.4566329382826476,35.0,20.0,1.7333368532238662,0.8351788814110206
566,01_02_A0102134070000900030z,0.5,0.3492740673149057,34.0,17.0,1.733209132475236,0.8990118617536295
567,01_02_A0102134070001500033a,0.6666666666666666,0.6596180129095133,26.0,8.0,1.4165014096363198,0.9593644973194756
568,01_02_A0102134070001600051z,0.5,0.5632996049493142,34.0,17.0,1.4146054120810416,0.7907042413688963
569,01_02_a0102134080002200034A,0.8333333333333334,0.11349149091422656,22.0,9.0,1.0013543682948836,0.6848682189455833
570,01_02_a0102134080002200034z,0.8333333333333334,0.11363574877515288,21.0,9.0,1.0015368326327578,0.6896691966729332
571,01_02_a0102134080002200044A,0.6666666666666666,0.2276710218207311,42.0,20.0,1.0024962871776366,0.815299483907974
572,01_02_a0102134080002200044z,0.6666666666666666,0.2276710218207311,42.0,20.0,1.0023946980992469,0.8150907126260648
573,01_02_a0102134090002100033A,1.0,0.12386547708530833,18.0,2.0,1.0011290776344208,0.6586038041356803
574,01_02_a0102134090002100033C,0.6666666666666666,0.22427406731490568,21.0,6.0,1.4161949425939908,0.7683380067467341
575,01_02_a0102134100000200033A,0.6666666666666666,0.1294418463286246,32.0,15.0,1.415883650791946,0.7368512454687076
576,01_02_a0102134100000300025A,0.6666666666666666,0.11440894677521656,19.0,6.0,1.4160385888252884,0.6569510066773674
577,01_02_a0102134100000300033C,0.6666666666666666,0.22364000216471144,24.0,6.0,1.4158138104882654,0.784040135910828
578,01_02_a0102134100000400033C,0.8333333333333334,0.21776822309277416,25.0,8.0,1.003135532623714,0.8265409508205366
579,01_02_a0102134100000500025z,0.8333333333333334,0.12520070286148127,20.0,3.0,1.4150565539949556,0.6495596260647734
580,01_02_a0102134100000500032z,1.0,0.11564874288034872,18.0,2.0,1.0021160889016472,0.6593511137669223
581,01_02_a0102134100000600033A,0.6666666666666666,0.14185204747804986,32.0,15.0,1.4157885260755778,0.7355183315243934
582,01_02_a0102134100000600033C,0.6666666666666666,0.21872599725070654,24.0,6.0,1.4159253517638926,0.7713712702653834
583,01_02_a0102134100000700025z,0.8333333333333334,0.1175253994799868,20.0,3.0,1.4161444238193088,0.665442561567644
584,01_02_a0102134100000700032z,1.0,0.1198313017137988,18.0,2.0,1.0015025219028475,0.6589174417517073
585,01_02_a0102134100000800033A,1.0,0.1194308872848649,18.0,2.0,1.001306430581724,0.660005942941732
586,01_02_a0102134100000800033C,0.6666666666666666,0.2193112881585781,24.0,6.0,1.416265904850419,0.7665001859381532
587,01_02_a0102134100000900033C,0.8333333333333334,0.16878728365510806,22.0,3.0,1.4152499610518627,0.7184033418751998
588,01_02_a0102134100001000033C,0.8333333333333334,0.22113901245144546,25.0,8.0,1.0032136391536215,0.8274563768228423
589,01_02_a0102134100001000042z,0.5,0.2592981290183424,29.0,17.0,1.4158080924424474,0.8304426606491774
590,01_03_A0103142060000200018z,0.3333333333333333,0.44077877161598095,43.0,19.0,2.0011537957533867,0.9681205181925522
591,01_03_A0103142060000200022z,0.3333333333333333,0.668374296803548,38.0,14.0,2.0022822037077557,1.0508323888755944
592,01_03_A0103142060000200028z,0.6666666666666666,0.6176461149208241,34.0,16.0,1.4184493054925968,0.9738438794930306
593,01_03_a0103142060000200031z,0.6666666666666666,0.5914257655806976,34.0,12.0,1.4179375825339202,0.9623173320992404
594,01_03_A0103142060000400025z,0.5,0.6820502835595206,37.0,24.0,1.7335408688970733,0.9823138286404168
595,01_03_A0103142060000400030z,0.6666666666666666,0.4068739851146034,30.0,15.0,1.4184926110880036,0.9256522820411895
596,01_03_A0103142060000400033z,0.6666666666666666,0.4022860377376884,35.0,16.0,1.4163858886830862,0.9476633807852848
597,01_03_A0103142060000500024z,0.5,0.6788551605048698,28.0,13.0,1.733167786518862,0.9484227178580068
598,01_03_A0103142060000500032z,0.6666666666666666,0.574712673658692,26.0,14.0,1.416664760656272,0.912735381375192
599,01_03_a0103142060000600032z,0.6666666666666666,0.5587383008204119,29.0,10.0,1.4169609133396168,0.9609667465431744
600,01_03_A0103142060000700024z,0.5,0.7068110734618007,33.0,16.0,1.7349291645018423,1.0074174577083033
601,01_03_A0103142060000700034z,0.6666666666666666,0.6824940063941027,32.0,17.0,1.4208806429227214,0.9961041004503494
602,01_03_A0103142060000800018z,0.3333333333333333,0.4429876726150726,43.0,19.0,2.001722959061071,0.9724794536189386
603,01_03_A0103142060000800021z,0.3333333333333333,0.6523515927168984,38.0,19.0,2.0014307850135635,0.9584919121662856
604,01_03_A0103142060000800026z,0.5,0.37339627934993297,35.0,15.0,1.7353984064309562,0.958780516546731
605,01_03_A0103142060001000024N,0.5,0.4312368115220842,34.0,20.0,1.7348785928390615,0.9308238623035474
606,01_03_A0103142060001000033A,0.6666666666666666,0.3674452767839395,32.0,17.0,1.417124184890644,0.8683978707293082
607,01_03_A0103142060001000033B,0.6666666666666666,0.3059233465600525,39.0,20.0,1.4179153045196085,0.8356744489629853
608,01_03_A0103142060001600034A,0.8333333333333334,0.5947553268620347,22.0,5.0,1.4214501081643391,0.9179519998274104
609,01_03_a0103142060001600034B,0.8333333333333334,0.5965757199727884,22.0,5.0,1.421444545189138,0.9183900479267654
610,01_03_A0103142060001600045A,0.5,0.2879300670529492,33.0,23.0,1.003567703057082,0.6039381952223932
611,01_03_a0103142060001900024A,0.6666666666666666,0.4258902098655006,23.0,10.0,1.7323437986933237,0.7191465559884015
612,01_03_a0103142060001900024B,0.6666666666666666,0.6876560405928787,33.0,13.0,1.7342794514792006,0.8688669059681039
613,01_03_a0103142060001900033z,0.8333333333333334,0.3288495295974381,22.0,9.0,1.4159058521432288,0.6008626321996916
614,01_03_a0103142060001900047z,0.5,0.2769454382826476,26.0,10.0,1.4156973765393202,0.7387196408361032
615,01_03_A0103142070000200026z,0.16666666666666666,0.7189740399775628,47.0,27.0,2.001521016101906,1.0504067961195451
616,01_03_a0103142070000200032z,0.6666666666666666,0.4967598115796503,34.0,13.0,1.4169887364417888,0.9689806276509746
617,01_03_A0103142072000100025B,0.5,0.6806870770786342,31.0,16.0,1.7339449555631463,0.9975585564417028
618,01_03_A0103142072000100033z,0.8333333333333334,0.5493697898676619,22.0,9.0,1.416622491079065,0.9279462221795316
619,01_03_A0103142072000100044B,0.5,0.3293608465600525,35.0,20.0,1.415028466930069,0.7355164578322757
620,01_03_A0103142090000100031z,0.6666666666666666,0.4193671114092626,34.0,14.0,1.4160255552626682,0.9288017279448698
621,01_03_a0103142100000700026z,0.6666666666666666,0.6974356138679318,33.0,14.0,1.7345652843875143,0.9204436338940089
622,01_03_a0103142100000700033z,0.8333333333333334,0.6256152633555339,22.0,7.0,1.4168929585859278,0.9301866421071844
623,01_03_a0103142100000700043z,0.6666666666666666,0.13496030027840128,25.0,11.0,1.4154316102829356,0.5425693391205106
624,01_03_a0103142100000900024a,0.8333333333333334,0.7107045995204326,21.0,9.0,1.416938930946725,0.9495923281558218
625,01_03_a0103142100000900033a,1.0,0.21019915378158602,17.0,10.0,1.0025368078045152,0.7658868859792614
626,01_03_a0103142100000900033b,0.8333333333333334,0.2616731470862593,22.0,9.0,1.4157260865867949,0.6900885313773599
627,01_03_a0103142100000900033c,0.8333333333333334,0.3049829991098982,24.0,9.0,1.4151255086449386,0.7347918088087801
628,01_03_a0103142100000900033d,0.6666666666666666,0.6003100519852715,33.0,17.0,1.416243252215594,0.9297562385023956
629,01_03_a0103142100000900043z,0.6666666666666666,0.2579123006987549,28.0,8.0,1.002527519353129,0.6951293137385045
630,01_03_A0103142100001900023z,0.5,0.6297984987546239,34.0,14.0,1.7329387829469196,0.9914584128421328
631,01_03_a0103142100001900024z,0.5,0.6109029107344381,27.0,9.0,1.7336141366853917,0.9594971875020076
632,01_03_a0103142100001900032z,0.6666666666666666,0.5782111045095606,30.0,12.0,1.4155344620806791,0.9039146950936195
633,01_03_a0103142100001900042z,0.6666666666666666,0.2620693489580288,22.0,9.0,1.4153980535217905,0.4490147854896147
634,01_03_a0103142100002200027z,0.6666666666666666,0.6890488404233204,23.0,13.0,1.7334673977231294,0.9417247902959484
635,01_03_a0103142100002200034z,0.8333333333333334,0.6022916481951841,22.0,9.0,1.4175185355555282,0.9065050983016284
636,01_03_a0103142100002200043z,0.5,0.2912713209705747,27.0,14.0,1.4156580377456474,0.5576868984742759
637,01_03_a0103142100002200045z,0.6666666666666666,0.3492740673149057,34.0,13.0,1.001927502270865,0.8089077284212411
638,01_03_a0103142100003000028z,0.6666666666666666,0.18988148479427552,27.0,11.0,1.7326244962347783,0.733546060172659
639,01_03_A0103142100004100024z,0.8333333333333334,0.6611914245211796,28.0,11.0,1.0024767868635336,0.9490214914805836
640,01_03_A0103142100004100031A,0.6666666666666666,0.6849036376395607,28.0,10.0,1.4179032113978542,0.9811760918912736
641,01_03_A0103142100004100032C,0.8333333333333334,0.31244172278370913,31.0,7.0,1.0034249564331947,0.7236445462699128
642,01_03_A0103142100004500023z,0.6666666666666666,0.4100843090398277,37.0,18.0,1.4165365566553412,0.9225591427308638
643,01_03_a0103142100004800026z,1.0,0.23395916698051036,20.0,6.0,1.002130152645401,0.5732707863162607
644,01_04_a0104157010004300071z,0.5,0.3761213521207677,79.0,40.0,1.0122211711778193,0.6750588884885212
645,01_04_A0104157010004500051z,0.5,0.3898500526077164,37.0,17.0,1.4156115667608715,0.8136197465962335
646,01_04_A0104157010004500065z,0.16666666666666666,0.3678027633555339,70.0,37.0,1.420496768069181,0.864516580343627
647,01_04_A0104157010007900022z,0.8333333333333334,0.29924689242134994,14.0,3.0,1.4157539396489838,0.6729729552219901
648,01_04_A0104157010007900031A,0.8333333333333334,0.3316329382826476,17.0,3.0,1.4152051954604767,0.6803213062331723
649,01_04_A0104157010008100026z,0.8333333333333334,0.13224002426990872,16.0,9.0,1.4147994112120943,0.5655525799683856
650,01_04_A0104157010008100032B,0.6666666666666666,0.18636547708530832,24.0,8.0,1.4150226251406472,0.7099888493589531
651,01_04_A0104157010008100042z,0.6666666666666666,0.3194248338870432,31.0,11.0,1.0012426848469869,0.691960938729731
652,01_04_a0104157010012700032F,0.8333333333333334,0.41025701690672617,23.0,9.0,1.4149786722346844,0.8368474490760255
653,01_04_a0104157030000800024z,0.5,0.6853809286363453,29.0,16.0,1.7337328731910142,0.9660023504842524
654,01_04_A0104157030000800033z,0.6666666666666666,0.3154599266410997,32.0,17.0,1.4153919121046599,0.5946780109435842
655,01_04_A0104157030001200020z,0.3333333333333333,0.3397956331459239,40.0,19.0,2.0019025700566835,0.8724393269940194
656,01_04_A0104157030001200028z,0.6666666666666666,0.3925335034020177,28.0,9.0,1.7327065709579041,0.5998575076518484
657,01_04_a0104157030001300017A,0.3333333333333333,1.1083657581878608,42.0,18.0,2.0053247542187917,1.3710684836491358
658,01_04_a0104157030001300017B,0.3333333333333333,1.1144386742133834,42.0,18.0,2.0042191318683784,1.375299204922168
659,01_04_a0104157030001300017D,0.3333333333333333,1.1185960440095195,42.0,18.0,2.0045665921908498,1.3830407608084172
660,01_04_A0104157030003700024z,0.6666666666666666,0.6620710047479044,28.0,14.0,1.7332957621000462,0.9227940671969712
661,01_04_A0104157030003700031z,0.8333333333333334,0.4048623769249453,27.0,7.0,1.0059501867055192,0.9000175916494811
662,01_04_A0104157030004100022z,0.6666666666666666,0.6534583351080443,31.0,14.0,1.7341501787698037,0.9001181859067647
663,01_04_A0104157030004200024z,0.6666666666666666,0.6671592540721212,28.0,14.0,1.7334545465201783,0.932508176493797
664,01_04_A0104157030004200031z,0.8333333333333334,0.402404997106177,31.0,7.0,1.0045336370049485,0.8903752266129775
665,01_04_A0104157030004400022z,0.6666666666666666,0.6964394859016951,23.0,14.0,1.733788016948126,0.9687125159671748
666,01_04_A0104157030004400031z,1.0,0.15645070286148127,11.0,6.0,1.0010827305557588,0.6828834517203004
667,01_04_A0104157030004700022A,0.6666666666666666,0.103876170766724,37.0,15.0,1.416016920253235,0.7590347663818733
668,01_04_A0104157030004700030z,0.6666666666666666,0.4319176505824488,27.0,14.0,1.416670537130835,0.7344885566905013
669,01_04_a0104157030006400032z,0.6666666666666666,0.5640493115220842,33.0,12.0,1.0119852276940935,0.9043438725248512
670,01_04_A0104157040000700027z,0.16666666666666666,0.8040327934950027,44.0,25.0,2.003347532942235,1.0734720886056022
671,01_04_A0104157040000700035z,0.8333333333333334,0.17387984877371987,20.0,11.0,1.4153372253265764,0.6108790882061861
672,01_04_A0104157040001100033z,0.6666666666666666,0.6237475519852715,27.0,12.0,1.4205189556297355,0.9382461750569776
673,01_04_a0104157040001900028z,0.6666666666666666,0.4699367076839779,33.0,14.0,1.732766340045922,0.8741199643362956
674,01_04_A0104157040002300025z,0.6666666666666666,0.6744547204608653,31.0,14.0,1.7342538843251878,0.8479218795244566
675,01_04_A0104157040002400025z,0.5,0.3778794243547151,25.0,14.0,1.732423370900212,0.5903002085253103
676,01_04_A0104157040002400032z,0.6666666666666666,0.3192770891898799,23.0,16.0,1.4147791922240764,0.6848884068272957
677,01_04_A0104157040002900025z,0.6666666666666666,0.7505397483184899,35.0,15.0,1.736296693854651,0.9733985407514892
678,01_04_A0104157040002900035z,0.8333333333333334,0.32743869532904346,19.0,9.0,1.415286340322039,0.5490470497966361
679,01_04_a0104157040004900032z,0.8333333333333334,0.6048092962213663,22.0,7.0,1.4164052287326818,0.8852348286437567
680,01_04_A0104157040005300032z,0.6666666666666666,0.3552088876497362,30.0,14.0,1.4157038826279855,0.8656762792336203
681,01_04_A0104157040005400028z,0.6666666666666666,0.5337016002544785,50.0,15.0,1.0058048440504892,0.9312198781340122
682,01_04_A0104157040005400033z,0.6666666666666666,0.14511164707385632,52.0,20.0,1.0019152347124722,0.6852088418771652
683,01_04_A0104157040005400047z,0.5,0.1493294075309391,71.0,34.0,1.0010652937791826,0.7741708091827548
684,01_04_A0104157040005500033A,0.6666666666666666,0.17538293828264756,29.0,11.0,1.4158458087755157,0.6936960807446807
685,01_04_A0104157040005500049z,0.3333333333333333,0.4413307688611599,41.0,20.0,1.4180504350599312,0.8154283971225019
686,01_04_A0104157040005900028z,0.8333333333333334,0.1481470957412111,22.0,8.0,1.0007336362315655,0.6704060938948722
687,01_04_A0104157040005900031z,1.0,0.22347478365510806,15.0,2.0,1.0030524728456929,0.7055946624091815
688,01_04_A0104157040006200032z,0.8333333333333334,0.16285684224924465,44.0,17.0,1.0019961685981191,0.7329640127833181
689,01_04_a0104157040006300035z,0.8333333333333334,0.02662364066472084,17.0,3.0,1.4150411932834908,0.6202113568220694
690,01_04_a0104157040006300039z,1.0,0.05033359617738442,21.0,0.0,1.000710218975365,0.6324581382085465
691,01_04_A0104157040006400025A,0.8333333333333334,0.4029423930390281,36.0,17.0,1.002545714704714,0.8676056415108356
692,01_04_A0104157040006400030z,0.8333333333333334,0.24298914743297434,33.0,9.0,1.0010064637853122,0.7042882526922796
693,01_04_A0104157040006400032z,0.8333333333333334,0.5431046263168355,28.0,12.0,1.0061143510147774,0.9697106974824206
694,01_04_a0104157040006700022z,0.6666666666666666,0.07831771961208928,21.0,12.0,1.7338292257849863,0.6683708439481291
695,01_04_a0104157040006800024z,0.8333333333333334,0.7434134365644345,31.0,9.0,1.4177165882469804,0.9834630579651888
696,01_04_a0104157040006800031z,0.8333333333333334,0.3216389048697597,21.0,9.0,1.4171720590856691,0.8518923072196753
697,01_04_a0104157040006900031B,0.6666666666666666,0.10324478038791074,26.0,6.0,1.4149555912230458,0.6867196680010652
698,01_04_a0104157040007300033z,0.8333333333333334,0.3086762075134168,26.0,9.0,1.0014730533822067,0.6654481541684185
699,01_04_a0104157040007500032z,0.6666666666666666,0.4637209708641012,25.0,12.0,1.4155858865746955,0.742805672455448
700,01_04_A0104157200000100015z,0.5,1.072017553667263,39.0,17.0,2.003934577525574,1.247242093764762
701,01_04_A0104157200000100017z,0.5,1.0903777942497257,39.0,17.0,2.0045763180366882,1.2690954552334195
702,01_04_A0104157200000100021z,0.5,0.5534674123460481,36.0,14.0,1.7342243425067148,0.938175901148068
703,01_04_A0104157200000200015z,0.5,0.7448948640777007,40.0,17.0,2.003300317222484,1.0987721585590602
704,01_04_A0104157200000200018z,0.3333333333333333,1.0537893363869129,41.0,16.0,2.004223231562028,1.2855635664200848
705,01_04_A0104157200000200022z,0.3333333333333333,0.5458554787139145,38.0,25.0,2.002588298600462,0.9278510120895548
706,01_04_A0104157200000700024z,0.5,0.681236033137953,29.0,14.0,1.7339036603672258,0.9573217508751108
707,01_04_A0104157200000700032z,0.6666666666666666,0.641070978628469,26.0,14.0,1.4166624063304143,0.9409363760339252
708,01_04_A0104157200002300031z,0.8333333333333334,0.19979914707385632,21.0,13.0,1.001991962652721,0.6509494594108277
709,01_04_A0104157200002600032z,1.0,0.29191198156282977,20.0,6.0,1.0018866435291898,0.81847835702005
710,01_04_A0104157200002600033z,0.6666666666666666,0.4626726810267108,31.0,14.0,1.4152114804137663,0.8463857042885196
711,01_04_A0104157210000400023z,0.6666666666666666,0.6628877165701093,29.0,15.0,1.4165072332892672,0.9304100529730152
712,01_04_A0104157220000800035z,0.8333333333333334,0.6553101137988717,19.0,11.0,1.4174474146496858,0.9241383163633689
713,01_04_A0104157220001300025z,0.5,0.4190696848436908,21.0,13.0,1.7327028129008784,0.7104813269468225
714,01_04_A0104157220001300032z,0.8333333333333334,0.3900530768361429,19.0,9.0,1.4147951478967375,0.5388182919507805
715,01_04_a0104157220002200023z,0.3333333333333333,0.4295449021652661,34.0,16.0,2.0015698201415084,0.7850165686280255
716,01_04_a0104157220002600024z,0.5,0.3876321716074623,28.0,13.0,1.7327895854189463,0.7079377247160127
717,01_04_a0104157220003300017z,0.3333333333333333,0.8360541601475993,41.0,17.0,2.00335175612905,1.134450250246852
718,01_04_A0104157220003300022z,0.16666666666666666,0.7984511201008293,41.0,19.0,2.0017928424284386,0.983075138581424
719,01_04_A0104157220003300025z,0.16666666666666666,0.7935505010066619,41.0,19.0,2.0019782999724667,0.9847958704482368
720,01_04_A0104157220004500032z,0.6666666666666666,0.30169467160746233,21.0,14.0,1.4150443721656534,0.7090333234337479
721,01_04_a0104157220004800032z,0.6666666666666666,0.4503736406647209,26.0,12.0,1.4191841043434956,0.8284934356021442
722,01_04_A0104157220004900025z,0.6666666666666666,0.3993965629338975,30.0,13.0,1.7336959044055749,0.7408975208303821
723,01_04_A0104157220004900026z,0.6666666666666666,0.3891109712301135,28.0,14.0,1.73275936956312,0.6624180863119883
724,01_04_A0104157220004900035z,0.8333333333333334,0.33724641901582736,19.0,9.0,1.4150886009973624,0.560678935657211
725,01_04_a0104157220005300024z,0.8333333333333334,0.2837997021061213,20.0,9.0,1.4176441113189868,0.7503434447442837
726,01_04_a0104157220005300029z,0.8333333333333334,0.2650530768361429,23.0,9.0,1.4150449198262451,0.5867880468506377
727,01_04_A0104157220005300032z,0.8333333333333334,0.5528354699282172,20.0,7.0,1.4174842033948971,0.8832927230873545
728,01_04_a0104157220005400024z,0.8333333333333334,0.31116386208222996,12.0,3.0,1.4145956299865037,0.4192488603235467
729,01_04_A0104157220005400031N,1.0,0.2403039547661641,20.0,8.0,1.001383693347123,0.6144119247092183
730,01_04_A0104157220005400041z,0.5,0.4037710961773845,30.0,12.0,1.4153764909511932,0.7414649082035839
731,01_04_A0104157220005400042z,0.6666666666666666,0.27535366427796376,32.0,10.0,1.0018413114247786,0.6895172556794547
732,01_04_A0104157220006100031A,0.6666666666666666,0.27458934553109965,22.0,13.0,1.4163963500189778,0.714924567298511
733,01_04_A0104157220006300024z,0.6666666666666666,0.6509903050538075,33.0,14.0,1.7338588480198585,0.8440988617573877
734,01_04_A0104157220006300031A,0.8333333333333334,0.3076474266410997,34.0,15.0,1.0019039195888455,0.742787129285226
735,01_04_A0104157220006300031B,0.8333333333333334,0.3050253994799868,28.0,8.0,1.0029293841603442,0.7207698203106196
736,01_04_A0104157220006900023z,0.16666666666666666,0.6243690276243403,48.0,29.0,2.001356949713804,0.9808756153626388
737,01_04_A0104157220007200032A,0.8333333333333334,0.4019390638586801,19.0,9.0,1.4148592929864046,0.5515009812120601
738,01_04_A0104157220007400028z,0.5,0.4953122638957266,30.0,16.0,1.7344326892221609,0.9680457647197144
739,01_04_a0104157220008600023A,0.8333333333333334,0.22437035119103665,22.0,9.0,1.4154311023224733,0.5112478890069581
740,01_04_a0104157220009100032A,0.8333333333333334,0.2923625668857517,27.0,5.0,1.4154762418163946,0.7792373973916558
741,01_04_a0104157220009100042z,0.6666666666666666,0.2097067087744508,22.0,13.0,1.4151032720864716,0.7220069274759606
742,01_04_a0104157280001400031B,0.8333333333333334,0.2928694502523843,19.0,9.0,1.4155249688376146,0.5859345037668157
743,01_04_A0104157280002200031z,0.8333333333333334,0.24428161355320555,19.0,11.0,1.4149346023205307,0.6605060870249015
744,01_04_A0104157280002300031z,0.6666666666666666,0.4433291688813172,33.0,15.0,1.7332103827563443,0.7655162324146105
745,01_04_A0104157280002300034z,0.6666666666666666,0.5505287716159808,30.0,12.0,1.4167777724880284,0.8920480768189768
746,01_04_A0104157280002400027z,0.8333333333333334,0.14518961788353452,19.0,5.0,1.4185585811809351,0.6909585436448511
747,01_04_A0104157280002400032z,0.8333333333333334,0.16292797708530832,19.0,3.0,1.4193714735490386,0.7042964520726733
748,01_04_A0104157280002500026z,0.8333333333333334,0.3626168190612364,27.0,6.0,1.4160612480937556,0.8440663969108929
749,01_04_A0104157280002500028z,0.6666666666666666,0.3627458768791388,32.0,15.0,1.4171154867050193,0.9095662759008772
750,01_04_A0104157280003400023z,0.8333333333333334,0.12864107976406158,19.0,11.0,1.4162724375893883,0.6966698059456577
751,01_04_A0104157280003400032z,0.6666666666666666,0.09661673957854387,21.0,12.0,1.4176442582055946,0.6844708882464888
752,01_04_A0104157280003400033z,0.6666666666666666,0.16886955559472044,23.0,6.0,1.4171378375690633,0.6973368924056783
753,01_04_A0104157280003400039z,0.6666666666666666,0.11137731729763684,32.0,12.0,1.4175633620228032,0.7312610967730395
754,01_04_A0104157280004500032z,0.8333333333333334,0.2754859602606696,33.0,8.0,1.0016875302963528,0.8359604093001037
755,01_04_A0104157280004500042z,0.5,0.28915354267825194,43.0,19.0,1.0020606822681908,0.8511155702440976
756,01_04_a0104157280007400032z,0.8333333333333334,0.06390982487524716,29.0,11.0,1.4151629698626282,0.6958694353540087
757,01_04_a0104157280008400032D,0.6666666666666666,0.2613021420297202,21.0,14.0,1.4159756792590348,0.7640114362338294
758,01_04_a0104157280008500032A,0.8333333333333334,0.4105848881433717,26.0,8.0,1.4180146834637712,0.7767149088231587
759,01_04_a0104157280008500032F,0.8333333333333334,0.17254031780071982,27.0,8.0,1.4163891518530725,0.7066499124048937
760,01_04_a0104157280008700024C,0.6666666666666666,0.15133688565106862,21.0,11.0,1.4153492102051008,0.683856882732689
761,01_04_a0104157280008800033F,0.6666666666666666,0.18927966514495004,29.0,16.0,1.4158866635164429,0.7569901911036948
762,01_04_a0104157280008900024C,0.6666666666666666,0.15907786928052442,22.0,11.0,1.4152821438240466,0.6736737405863304
763,01_04_a0104157280008900033D,0.6666666666666666,0.2472506197814766,18.0,6.0,1.4158681122834909,0.6898256019320363
764,01_04_a0104157280008900033E,0.6666666666666666,0.17538293828264756,27.0,6.0,1.4155260672729146,0.6959024476700958
765,01_04_a0104157280009000032z,0.6666666666666666,0.4125308256065912,25.0,11.0,1.4195491474114437,0.7877499270757603
766,01_05_a0105151010000100044z,0.5,0.2613204382826476,35.0,16.0,1.4148627762390678,0.7334397061269723
767,01_05_a0105151010000600031z,0.5,0.23464404306624664,36.0,16.0,1.7333887951938003,0.7233419233962078
768,01_05_A0105151010001600019z,0.16666666666666666,0.4510441694456897,44.0,27.0,2.005130036095825,0.770866790538308
769,01_05_A0105151010001600025z,0.16666666666666666,0.7912336987389212,48.0,28.0,2.0032638618129184,1.0736297214846096
770,01_05_a0105151010006200024z,0.6666666666666666,0.6533789245211796,26.0,10.0,1.4163473668008182,0.9837501579173241
771,01_05_a0105151010006200031A,0.8333333333333334,0.6919270559297064,27.0,9.0,1.0032879483423744,0.9653221089046844
772,01_05_a0105151010006200031B,1.0,0.43872704747804986,21.0,6.0,1.0011593195329629,0.7832343473544798
773,01_05_a0105151010006200041z,0.6666666666666666,0.2683801277901422,34.0,12.0,1.001707272317528,0.6261273337790587
774,01_05_a0105151010006400023z,0.8333333333333334,0.09211771411818752,21.0,11.0,1.4160547676814186,0.6859182277745908
775,01_05_a0105151050000100031z,0.3333333333333333,0.09698548276998403,29.0,20.0,1.7322607803519725,0.7931619492119241
776,01_05_a0105151050000700032z,0.6666666666666666,0.6316377165701093,27.0,14.0,1.4181510189412827,0.9452458409498676
777,01_05_a0105151050001400020z,0.5,1.025353317429567,42.0,19.0,2.0066206755283447,1.2205598027807756
778,01_05_a0105151050001400031z,0.8333333333333334,0.7423472239969333,31.0,13.0,1.4184358810669229,0.9643970909388234
779,01_05_a0105151050002000032z,0.8333333333333334,0.2616534628162535,19.0,9.0,1.4147788444513525,0.662512809572665
780,01_05_A0105151050002000033z,0.8333333333333334,0.12850156385868006,23.0,11.0,1.415084219039644,0.6768213472843051
781,01_05_A0105151050002000038z,0.5,0.3505146296266111,32.0,17.0,1.4152093886591828,0.7139743971107322
782,01_05_A0105151050002000042z,0.5,0.3250918515588788,32.0,17.0,1.4148716353334287,0.7081183249006712
783,01_05_a0105151050003100032z,0.8333333333333334,0.3951235515593389,20.0,11.0,1.4148678525581782,0.6975645205205917
784,01_05_A0105151050004000024z,0.8333333333333334,0.6572598975302966,29.0,14.0,1.4168826691952816,0.9482415723978932
785,01_05_A0105151050004000033z,0.8333333333333334,0.6158211671456213,19.0,13.0,1.4171282397405758,0.9237651613731592
786,01_05_A0105151050004900023z,0.5,0.5459629630965432,29.0,13.0,1.7329965636314175,0.8849792907019357
787,01_05_A0105151050004900032A,0.8333333333333334,0.1698425300052427,22.0,3.0,1.4171919212923794,0.7192726590930681
788,01_05_A0105151050006500032A,0.8333333333333334,0.6393651890379346,23.0,11.0,1.4166110047721263,0.9505426149999424
789,01_05_A0105151050006800022A,0.5,0.6592970238283702,26.0,16.0,1.7331796847500065,0.9525854316721304
790,01_05_A0105151050006800031z,0.6666666666666666,0.14488574877515287,22.0,6.0,1.4149770029685067,0.6964088527975799
791,01_05_A0105151050006800040z,0.6666666666666666,0.3487765272756217,38.0,14.0,1.001793417856317,0.7367371308322495
792,01_05_a0105151050008900031A,0.6666666666666666,0.2982300155269064,26.0,8.0,1.0016155916339344,0.5995265388840494
793,01_05_a0105151050008900031B,1.0,0.6003263575027034,16.0,2.0,1.0043082139454564,0.9064884032753248
794,01_05_a0105151050008900031C,0.8333333333333334,0.2502785541490359,20.0,3.0,1.4155108269012668,0.6749233936974695
795,01_05_A0105151054000100025z,0.3333333333333333,0.4551256537350908,38.0,22.0,2.000431007241405,0.8176830130345148
796,01_05_a0105151069000100034z,0.8333333333333334,0.1328817755402466,19.0,9.0,1.4164730314817089,0.58671605101593
797,01_05_A0105151080000100033A,0.8333333333333334,0.3719941914795785,21.0,9.0,1.4152825828012374,0.6327387155024227
798,01_05_a0105151080000400031z,0.8333333333333334,0.5911478636557819,27.0,11.0,1.4179098318327332,0.9401998128157008
799,01_05_a0105151080000400036z,0.8333333333333334,0.4180890410663735,21.0,13.0,1.0010151994306913,0.6277694392327919
800,01_05_A0105151080001700042z,0.8333333333333334,0.2851106470862593,25.0,8.0,1.0023698322189452,0.7216220459747891
801,01_05_a0105151080001800032D,0.8333333333333334,0.1385265157773397,24.0,3.0,1.0041982956126692,0.6915566091600861
802,01_05_a0105151080003200032A,0.8333333333333334,0.25830919631262617,24.0,3.0,1.4161292533605276,0.6469651856328614
803,01_06_a0106143190000300033z,0.6666666666666666,0.7405944932654653,24.0,12.0,1.7355948762250497,1.006741744922298
804,01_06_a0106143190001200028z,0.5,0.6645840086190391,31.0,17.0,1.7339316297534229,0.9073895389277888
805,01_06_a0106143190001200036z,0.6666666666666666,0.36659937050771146,30.0,8.0,1.4158381440187688,0.865431779578266
806,01_06_a0106143190001300033B,0.8333333333333334,0.2667116742438917,21.0,11.0,1.4165200999421748,0.4911512551362941
807,01_06_a0106143190002900025z,0.5,0.728409941766968,34.0,16.0,1.7349813400572642,0.9497869175980967
808,01_06_a0106143190002900033z,0.6666666666666666,0.6499631621632447,28.0,10.0,1.4160794174939502,0.9441269246576924
809,01_06_A0106143190003600023z,0.5,0.25209411355320555,35.0,18.0,1.7331830452790715,0.7224417140525548
810,01_06_a0106143190003600033z,0.6666666666666666,0.15590791139055504,28.0,14.0,1.4153036432536432,0.7654005105119155
811,01_06_a0106143200000200033N,0.6666666666666666,0.3942787716159809,27.0,8.0,1.4217838782850345,0.901669293370246
812,01_06_a0106143200000200033S,0.6666666666666666,0.2721329382826476,27.0,11.0,1.4202340385202088,0.7790250297988981
813,01_06_a0106143200000200033T1,0.6666666666666666,0.5599835854216122,27.0,15.0,1.417180935476314,0.8163899506279542
814,01_06_A0106143200000400036z,0.6666666666666666,0.3543436940966011,24.0,12.0,1.4191075267379405,0.8736811429491861
815,01_06_A0106143200000500027z,0.6666666666666666,0.6667132674362526,28.0,12.0,1.7358584252716531,0.9337578994976256
816,01_06_A0106143200000500034z,0.6666666666666666,0.4807110988749026,27.0,14.0,1.4165429777124572,0.8444267892962294
817,01_06_A0106143210002300033A,0.8333333333333334,0.6004612937398748,27.0,11.0,1.4165634617344318,0.9167191852975536
818,01_06_A0106143300000200033z,0.6666666666666666,0.4029644600217781,28.0,11.0,1.4188357432956875,0.927559367382741
819,01_06_a0106143300000300025z,0.6666666666666666,0.6474888231623726,33.0,14.0,1.7352177799109787,0.9575384628046144
820,01_06_a0106143300000300034z,0.6666666666666666,0.5713831123773552,29.0,13.0,1.4177873927674582,0.806545017490566
821,01_06_A0106143300000600052A,0.3333333333333333,0.4537479989295478,57.0,23.0,1.0077236981668989,0.8862045241537722
822,01_07_A0107152050000100023z,0.5,0.7178013231623726,32.0,18.0,1.7369709085385938,1.1325134527137095
823,01_07_A0107152050000100024z,0.5,0.7007007348928171,32.0,18.0,1.7364847741781249,1.1253903347930725
824,01_07_A0107152050000100029z,0.5,0.6007251573028205,30.0,16.0,1.7345747570784664,0.9868885189602088
825,01_07_A0107152050000100034z,0.6666666666666666,0.58345808073279,27.0,13.0,1.4180571611176882,0.9600230196570544
826,01_07_A0107152050000400024z,0.5,0.7739761117143821,33.0,16.0,1.7355534334722529,1.050567887553338
827,01_07_A0107152050000400028z,0.5,0.7214413006519855,31.0,16.0,1.7354041604327115,1.0604507313510003
828,01_07_A0107152050000400031z,0.5,0.6218246786956271,31.0,16.0,1.734122517593237,1.004388083484162
829,01_07_A0107152050000500021z,0.5,0.7712396798556813,35.0,17.0,1.7362038199761405,1.1422771721801122
830,01_07_A0107152050000500034z,0.3333333333333333,0.38098282007933787,40.0,17.0,1.7346365785553106,0.8580018258777414
831,01_07_A0107152050000600023z,0.5,0.7246741753960497,35.0,18.0,1.7364647671291369,1.1396551939875732
832,01_07_A0107152050000600025z,0.3333333333333333,0.6156543450104763,37.0,21.0,1.7351889321941385,1.032523589553367
833,01_07_A0107152050000600030z,0.5,0.5834340910203997,29.0,16.0,1.7336092589404528,0.9390789473400414
834,01_07_A0107152050000600034z,0.3333333333333333,0.5668257757482122,33.0,17.0,2.0015039934779177,0.9113402806670904
835,01_07_A0107152050000700027z,0.5,0.4013398181276088,30.0,13.0,1.7340784316977798,0.7105766345005934
836,01_07_A0107152050000700029z,0.5,0.38098282007933787,30.0,13.0,1.7395076567521592,0.7270275594232505
837,01_07_a0107152050000700032z,0.5,0.4019632344102102,40.0,17.0,1.7357666196736692,0.8459588150130418
838,01_07_A0107152050000700033A,0.5,0.2424609637603546,37.0,21.0,1.734479730328344,0.8314723907756264
839,01_07_A0107152050000700033B,0.5,0.3578649878910027,31.0,13.0,1.7366435228153765,0.7999446982756082
840,01_07_A0107152050000800024z,0.5,0.7886792703289796,36.0,19.0,1.7376679732150828,1.09956688022687
841,01_07_A0107152050000800033z,0.6666666666666666,0.2363709428736693,23.0,12.0,1.4151551541865617,0.5653808572606125
842,01_07_A0107152050000800043z,0.5,0.29086655197174266,25.0,12.0,1.4154765088304808,0.5427934218186934
843,01_07_a0107152050000900020z,0.16666666666666666,0.8064428242142065,46.0,28.0,2.00424759195894,1.1255125880828791
844,01_07_a0107152050000900022z,0.5,0.6871414128589188,36.0,16.0,1.7343886338257852,1.020875538273657
845,01_07_a0107152050000900032z,0.6666666666666666,0.04349675260032093,26.0,14.0,1.4158324861265126,0.6871415593001307
846,01_07_a0107152050001000024A,0.3333333333333333,0.720298533137953,32.0,19.0,2.0022610122785034,0.984542192290738
847,01_07_a0107152050001300021z,0.5,0.4178694502523843,26.0,13.0,1.7331252898691392,0.6371771701262176
848,01_07_a0107152050001300032z,0.6666666666666666,0.20700415858502336,22.0,11.0,1.415868395488846,0.677054047579214
849,01_07_a0107152050001500034z,0.6666666666666666,0.6852043668540762,32.0,17.0,1.4191024801266388,0.9039900248260596
850,01_07_A0107152050001600018z,0.5,0.8195673012170106,38.0,19.0,1.7382030230063024,1.2068072733699182
851,01_07_A0107152050001600019z,0.5,0.8763860247024007,33.0,16.0,1.7412442766098453,1.1645836611618965
852,01_07_a0107152050001700028z,0.16666666666666666,0.4388158872207081,43.0,27.0,2.0035344199093,0.8042631529492322
853,01_07_A0107152050001800025z,0.5,0.4664609481106574,35.0,15.0,1.7381142913893566,0.8687631289795716
854,01_07_A0107152050001800031z,0.5,0.2502059268137122,28.0,16.0,1.733184776671092,0.8068320604758341
855,01_07_A0107152050001900021z,0.5,0.6810553805268721,43.0,21.0,1.7360316531681268,1.103406252717645
856,01_07_A0107152050001900027z,0.5,0.3962139202239568,36.0,17.0,1.7339691808135491,0.7868018826623782
857,01_07_A0107152050001900028z,0.5,0.6503468409229116,34.0,16.0,1.7356345034307197,1.031475864964176
858,01_07_A0107152050001900031z,0.5,0.22100197779218436,31.0,15.0,1.7353103524450249,0.587189996115558
859,01_07_a0107152050002000028z,0.5,0.7108135402893365,31.0,16.0,1.7349845876072103,1.0662645857496442
860,01_07_A0107152050002000033z,0.8333333333333334,0.3044338642085735,17.0,9.0,1.4160396825564217,0.6072596167106622
861,01_07_a0107152050002200025z,0.3333333333333333,0.4633569109052874,39.0,16.0,2.00051908875784,0.8209263717640873
862,01_07_a0107152050002200036A,0.8333333333333334,0.3951672172424585,23.0,10.0,1.415443067663683,0.6712906647336522
863,01_07_A0107152050002400027z,0.3333333333333333,0.5176256537350907,34.0,16.0,2.0012985684241538,0.833231397235299
864,01_07_A0107152050002400036z,0.8333333333333334,0.2920855244895441,28.0,10.0,1.4167334042039228,0.6947946815859392
865,01_07_A0107152050002600022z,0.5,0.4543530402376389,33.0,18.0,1.7399913632687911,0.8078273341029637
866,01_07_a0107152050002900026z,0.3333333333333333,0.5192129789433032,34.0,16.0,2.0012954801852367,0.8220975747207891
867,01_07_a0107152050002900034z,0.8333333333333334,0.2920855244895441,28.0,10.0,1.4159049623238966,0.6845051848232308
868,01_07_a0107152050003200033z,0.8333333333333334,0.425110482769984,20.0,9.0,1.4152898716632245,0.732973872516173
869,01_07_A0107152050003300034z,0.6666666666666666,0.3983917136895102,36.0,17.0,1.4193872096115967,0.757244830957139
870,01_07_A0107152050003400026z,0.5,0.4329527047328735,26.0,13.0,1.7335231352433575,0.635149377249086
871,01_07_A0107152050003400035z,0.8333333333333334,0.2138045014755522,23.0,13.0,1.0016494658991346,0.6924705281242165
872,01_07_A0107152050003500027z,0.5,0.41825728419978797,33.0,17.0,1.7360401035340711,0.7203238914055755
873,01_07_A0107152050004200034z,0.6666666666666666,0.40258609887490265,30.0,10.0,1.4170499078985956,0.8501221407684388
874,01_07_A0107152050004300024z,0.6666666666666666,0.1635156163212068,21.0,8.0,1.7326342237332384,0.721908190298608
875,01_07_A0107152050004300032z,0.8333333333333334,0.3593182979810887,21.0,11.0,1.4152002260342522,0.7087792817806718
876,01_07_A0107152050004300038z,0.6666666666666666,0.16707249872220795,24.0,7.0,1.4161976029023988,0.7005312279306821
877,01_07_A0107152050004600014z,0.3333333333333333,0.9712404964221824,46.0,18.0,2.001135664500761,1.2310861639041155
878,01_07_A0107152050004800024z,0.6666666666666666,0.7627910265179416,31.0,13.0,1.736855219796426,0.9962367470760246
879,01_07_A0107152050004800030z,0.8333333333333334,0.6329584026789323,29.0,9.0,1.4162870231668414,0.9283373926840772
880,01_07_a0107152050005000034A,0.6666666666666666,0.6182700651483193,24.0,14.0,1.4177442740934882,0.9307670611390524
881,01_07_A0107152050005700033z,0.8333333333333334,0.2595162443828654,22.0,5.0,1.0022118769888506,0.6348881115888142
882,01_07_A0107152050006000022z,0.6666666666666666,0.425713422099214,32.0,13.0,1.7327334152076002,0.7292969399327071
883,01_07_A0107152050006000030z,0.8333333333333334,0.2713849953361961,20.0,9.0,1.4151980777823123,0.6999316909022083
884,01_07_A0107152050006000040A,0.8333333333333334,0.3333612114203451,25.0,9.0,1.0027408330922296,0.6940170961795775
885,01_07_A0107152050006000040B,1.0,0.23580195634133835,11.0,0.0,1.0015162283127903,0.6564206767671461
886,01_07_A0107152050006100035zj,0.6666666666666666,0.2112306394320728,31.0,14.0,1.417731329345299,0.7761883966282382
887,01_07_a0107152050006100038z,0.6666666666666666,0.30756503482443426,32.0,16.0,1.4204675263559388,0.8778360548508524
888,01_07_A0107152050006400032B,1.0,0.3894904770853083,15.0,6.0,1.0006455282815574,0.7139908625880855
889,01_07_A0107152050006900020z,0.5,0.4096370017501398,30.0,15.0,2.0020295613242856,0.7854343157453065
890,01_07_A0107152050006900032A,0.8333333333333334,0.3721048068153917,20.0,9.0,1.4157263058674745,0.7242205585135217
891,01_07_A0107152050006900032B,1.0,0.4475303006679687,21.0,0.0,1.003921619771872,0.7343930781478168
892,01_07_A0107152050007400023z,0.6666666666666666,0.12092327156745952,22.0,10.0,1.73240530535111,0.7386199220059457
893,01_07_A0107152050007400031z,0.8333333333333334,0.3409446848436908,20.0,11.0,1.4148557384321017,0.7075319949594345
894,01_07_a0107152050008700020A,0.5,0.8463898827270919,31.0,16.0,2.0038707835627823,1.0812772047738242
895,01_07_a0107152050008700020B,0.6666666666666666,0.7534527262685133,32.0,14.0,1.7349193223282124,0.9527630646748724
896,01_07_a0107152050008700023z,0.8333333333333334,0.6495453599127416,21.0,5.0,1.4160586153733108,0.9196241976448212
897,01_07_a0107152050010300031z,0.8333333333333334,0.5966275348244343,35.0,15.0,1.0023872744225442,0.9319843723350368
898,01_07_a0107152050012200030B,0.6666666666666666,0.4478417294914387,27.0,14.0,1.4166119813819094,0.8898447817889384
899,01_07_A0107152070000100034z,0.6666666666666666,0.12624597670616675,20.0,12.0,1.4150510783899668,0.5940487122724888
900,01_07_A0107152070000700023A,0.5,0.42040578423565017,25.0,11.0,2.0004229688834894,0.7739748822629131
901,01_07_A0107152070000700023B,0.5,0.15945156573362795,27.0,13.0,2.000670907179788,0.7230190054584426
902,01_07_A0107152070000700024A,0.6666666666666666,0.7106634153144498,29.0,11.0,1.733812507716181,1.0221159200664118
903,01_07_A0107152070000700024B,0.6666666666666666,0.5560553805268721,30.0,14.0,1.7354888167751703,0.9198914414184208
904,01_07_A0107152070000700032z,0.8333333333333334,0.2947128391222741,18.0,9.0,1.41616309947045,0.5393687595393922
905,01_07_A0107152070000700049z,0.6666666666666666,0.15064632097057468,29.0,6.0,1.4149875193958343,0.7279254142188988
906,01_07_a0107152070000800023a,0.3333333333333333,0.4268710335207428,32.0,14.0,2.0013241261779653,0.8124754813071351
907,01_07_a0107152070000800023b,0.3333333333333333,0.4178152163505327,32.0,14.0,2.000814344740641,0.8080235577894531
908,01_07_a0107152070000800024a,0.5,0.8129965746462839,29.0,17.0,1.7345887564080578,1.0504746368607865
909,01_07_a0107152070000800024b,0.5,0.6817133241347375,29.0,14.0,1.7349179746843866,0.9495970794079618
910,01_07_a0107152070000800032z,0.6666666666666666,0.3139098248752472,21.0,14.0,1.4152955329729642,0.694652877257611
911,01_07_A0107152070000900038z,0.8333333333333334,0.3807865582044719,33.0,15.0,1.4152982395691736,0.6688664032020744
912,01_07_A0107152070001100035z,0.6666666666666666,0.3130709082074596,28.0,6.0,1.4159763274952224,0.7236930933730461
913,01_07_A0107152070001200033z,0.6666666666666666,0.113959203775518,20.0,12.0,1.415049039045604,0.5972271860195508
914,01_07_A0107152070001300032z,0.6666666666666666,0.2276362277563317,25.0,8.0,1.4149256882624934,0.6383898973017901
915,01_07_a0107152070001400024z,0.16666666666666666,0.644160159537003,49.0,28.0,2.0030594789711342,1.0583842353688941
916,01_07_A0107152070001600034z,0.6666666666666666,0.1592496551501174,29.0,10.0,1.4222581076462972,0.7223402408327391
917,01_07_a0107152070002500054z,0.5,0.5497007199727884,48.0,19.0,1.0025621388873311,0.8653904235695257
918,01_07_A0107152080000100025z,0.5,0.32454387670564283,33.0,18.0,1.7372680788436985,0.7301688678547754
919,01_07_A0107152080000100029z,0.5,0.4655814841439451,35.0,13.0,1.7326943200776217,0.7922871336900998
920,01_07_A0107152080000100034z,0.5,0.4659136807420444,35.0,13.0,1.7330761093187188,0.7900507384312898
921,01_07_A0107152080000200033z,0.6666666666666666,0.3693353002784013,30.0,15.0,1.41460548748786,0.7358182488013618
922,01_07_a0107152080000400024C,0.5,0.3564525021647114,32.0,13.0,2.002605476749077,0.8877603619746619
923,01_07_A0107152080000400032A,0.6666666666666666,0.3693353002784013,30.0,15.0,1.41460548748786,0.7358182488013618
924,01_07_a0107152080000700026z,0.3333333333333333,0.7548147564644658,44.0,26.0,1.7367086323683345,1.0779088858443555
925,01_07_a0107152080000700032z,0.6666666666666666,0.2423802196120893,27.0,15.0,1.415236257342489,0.7245351439112346
926,01_07_a0107152080000800025z,0.5,0.3916677410668703,38.0,20.0,1.7369617684615333,0.7059422608661501
927,01_07_A0107152080000800026z,0.5,0.4792063017137988,36.0,17.0,1.7323616773077826,0.7886751573510066
928,01_07_A0107152080000800028z,0.5,0.4040264202239568,34.0,17.0,1.7328713769586137,0.7498861356491664
929,01_07_A0107152080000800034z,0.5,0.4800521420297202,30.0,13.0,1.7328889338631082,0.7566395802933636
930,01_07_A0107152080001000025A,0.5,0.7315470276297267,36.0,16.0,1.7342762020491678,1.0357855562184342
931,01_07_A0107152080001000025B,0.5,0.10961706171735243,27.0,11.0,1.7323567583016084,0.7256668323260471
932,01_07_A0107152080001000030z,0.5,0.3986795617173524,25.0,13.0,1.7325458880431597,0.7265753850290771
933,01_07_A0107152080001200025z,0.5,0.8170569665511989,39.0,20.0,1.7345486097663174,1.1625002924155872
934,01_07_A0107152080001200029z,0.5,0.39108361492082416,29.0,17.0,1.7343731860251614,0.957882595022322
935,01_07_A0107152080001200032z,0.6666666666666666,0.17063081444066394,28.0,17.0,1.4148766882093349,0.6190898496246333
936,01_07_A0107152080001300023z,0.5,0.4248684984989616,35.0,17.0,1.7328562586890148,0.7344226548304735
937,01_07_a0107152080002200025z,0.16666666666666666,0.6496943789606138,41.0,27.0,2.0035766345819908,1.0402181629486298
938,01_07_a0107152080002200032z,0.6666666666666666,0.3104474953361961,21.0,12.0,1.4153808903007612,0.7413062833355399
939,01_07_A0107152080002500025z,0.5,0.4546462386215294,30.0,17.0,1.7342339943574483,0.7359316205695918
940,01_07_A0107152080002500032z,0.6666666666666666,0.3577707973495364,27.0,14.0,1.4174386295605956,0.6073312427731911
941,01_07_A0107152080002700025z,0.6666666666666666,0.7402693019190112,32.0,14.0,1.7352321621703461,1.0256608417861401
942,01_07_A0107152080002700033z,0.8333333333333334,0.3399527098655006,20.0,11.0,1.4163871415213605,0.6853697900384935
943,01_07_A0107152080002700043z,0.6666666666666666,0.30904137777309343,21.0,9.0,1.4149695376012104,0.5610586209892532
944,01_07_A0107152080002800025z,0.6666666666666666,0.7463855884593259,32.0,14.0,1.7347046081841082,1.0337197554870927
945,01_07_A0107152080002800033z,0.8333333333333334,0.3325913111997541,20.0,11.0,1.4156803289428348,0.6843170827980135
946,01_07_A0107152080002800043z,0.6666666666666666,0.31169694430674394,21.0,9.0,1.4160687651471997,0.5881314709358446
947,01_07_A0107152080003000025z,1.0,0.13028425407212124,15.0,6.0,1.0022375111517212,0.6413878619415071
948,01_07_A0107152090000200026z,0.6666666666666666,0.7463855884593259,30.0,14.0,1.734548201261218,1.007908679394142
949,01_07_A0107152090000600026z,0.5,0.7335662009945119,35.0,16.0,1.7347102500814064,1.0329249578225017
950,01_07_A0107152090000600033SN,0.6666666666666666,0.18892245614890696,23.0,12.0,1.4153799103553781,0.5587444336396078
951,01_07_A0107152090000600045N1,0.6666666666666666,0.3398957828941764,32.0,14.0,1.0017809794110792,0.8675231501033513
952,01_07_a0107152090001100033z,0.6666666666666666,0.35060098632932585,27.0,14.0,1.415700978528204,0.7196755032643863
953,01_07_A0107152090001700035z,0.6666666666666666,0.2311280220513817,25.0,15.0,1.4145798026449825,0.5980426879813059
954,01_07_A0107152090002200026z,0.5,0.4628436418527926,33.0,18.0,1.7363877911564545,0.8645715221697311
955,01_07_A0107152090002200031z,0.3333333333333333,0.4161668827197391,36.0,19.0,1.7358620287250668,0.8314765023923583
956,01_07_a0107152090002400025z,0.5,0.2978261684458907,21.0,14.0,1.7337861524707978,0.6093117506874104
957,01_07_A0107152090002400033z,0.6666666666666666,0.2635327496368155,21.0,12.0,1.4175768920950231,0.7321972380610445
958,01_07_a0107152090002400045z,0.5,0.12549669631262614,31.0,18.0,1.4155280171014455,0.5050885239127831
959,01_07_A0107152090002400054z,0.5,0.264073229845923,39.0,26.0,1.4182338410433897,0.6573511452250037
960,01_07_a0107152090002700025z,0.6666666666666666,0.14715222626087687,22.0,8.0,1.732521401136898,0.7261969441381861
961,01_07_a0107152090002700033A,1.0,0.14102257528498946,20.0,6.0,1.0023002943378228,0.7387624456038396
962,01_07_A0107152090002800026z,0.6666666666666666,0.6196423426713622,31.0,13.0,1.7345439798656754,0.8375029740942682
963,01_07_A0107152090003600034z,0.6666666666666666,0.2954051051956133,27.0,13.0,1.4170499675868058,0.8097355202619967
964,01_07_A0107152090003600047z,0.8333333333333334,0.4363058012803057,27.0,19.0,1.0016378163967197,0.7926597758838624
965,01_07_a0107152090003900024z,0.8333333333333334,0.28060923138609584,17.0,7.0,1.4159776000199475,0.6653046730120179
966,01_07_a0107152090003900034z,0.6666666666666666,0.3351236297720092,30.0,8.0,1.4212519111049298,0.6956788622140543
967,01_07_a0107152090003900045z,0.6666666666666666,0.3804876726150726,29.0,16.0,1.011478035347586,0.7217535044209124
968,01_07_A0107152090004200025z,0.8333333333333334,0.3507486297720092,23.0,7.0,1.4164292752011312,0.7603980473830351
969,01_07_A0107152099000100025z,0.5,0.4604118509445187,35.0,17.0,1.7349963845004064,0.7392222638303152
970,01_07_A0107152099000100031z,0.8333333333333334,0.4235279387105188,30.0,13.0,1.4179865593270469,0.6785799378057178
971,01_07_A0107152099000100032z,0.6666666666666666,0.3107005277470764,23.0,14.0,1.4144054502300902,0.6847415317519083
972,01_07_A0107152100000100025A,0.6666666666666666,0.67011010546531,21.0,14.0,1.733429567813743,0.9464141183525748
973,01_07_A0107152100000100025B,0.5,0.7537352110099202,32.0,16.0,1.734973427539929,1.0486879781322695
974,01_07_A0107152100000100043z,0.6666666666666666,0.2125231753029636,34.0,17.0,1.0040737224579872,0.6924904851352831
975,01_07_a0107152100000200031z,0.8333333333333334,0.26369238626566244,17.0,11.0,1.4162598994858038,0.6652902955865247
976,01_07_A0107152100000200049z,0.3333333333333333,0.203460809512346,38.0,19.0,1.4189569548293774,0.7401135934779137
977,01_07_A0107152100000300025z,0.6666666666666666,0.5088519936572404,32.0,14.0,1.7345617041833954,0.9623060185662324
978,01_07_A0107152100000400024z,0.5,0.4332496211126009,32.0,16.0,1.7348503833694495,0.7715807002471421
979,01_07_a0107152100000400025z,0.5,0.43738729453331704,32.0,16.0,1.735219494984318,0.7742403801619067
980,01_07_A0107152100000400026z,0.5,0.29157455916176844,27.0,11.0,1.733222675538491,0.6829946031237158
981,01_07_A0107152100000400034z,0.6666666666666666,0.3830052196120893,24.0,17.0,1.4145802113804231,0.7166072195527627
982,01_07_A0107152100001300024z,0.8333333333333334,0.11349829721619235,23.0,9.0,1.4169263037862485,0.7078570663547213
983,01_07_A0107152100001300032z,0.6666666666666666,0.3856919243547151,25.0,12.0,1.4184988308408308,0.7344320738920886
984,01_07_A0107152100001600026z,0.8333333333333334,0.4084610159657184,18.0,9.0,1.4150003412617231,0.6766676455984052
985,01_07_A0107152100001600034z,0.6666666666666666,0.3377049319535336,26.0,6.0,1.415813665886711,0.7521949347893809
986,01_07_A0107152100001800031A,0.6666666666666666,0.3675484827791347,20.0,12.0,1.4174979655375437,0.7200679168195638
987,01_07_a0107152100001900033B,0.8333333333333334,0.2559461250958344,19.0,3.0,1.4216627460411295,0.7368195314500275
988,01_07_A0107152100001900033z,0.8333333333333334,0.2605676277901422,21.0,3.0,1.4222694927205488,0.7374081372052433
989,01_07_A0107152100002400025z,0.8333333333333334,0.4661788925524702,17.0,7.0,1.4160688661600158,0.7083914146856889
990,01_07_A0107152102000100024z,1.0,0.12258884897437188,13.0,6.0,1.0059292125054826,0.6127587921288714
991,01_07_A0107152102000100032A,1.0,0.2099113849835717,15.0,6.0,1.0024872469252302,0.6784503852108924
992,01_07_A0107152102000100041z,0.8333333333333334,0.3475435126951802,30.0,3.0,1.017379966516105,0.7680275946693564
993,01_07_a0107152120000600024z,0.8333333333333334,0.3900270988665892,25.0,10.0,1.4155260082121126,0.6943442343925224
994,01_07_a0107152120000600034z,0.6666666666666666,0.186482967833475,29.0,13.0,1.415356725604203,0.7016650937306234
995,01_07_a0107152120000600038z,0.6666666666666666,0.20640377161598092,29.0,11.0,1.4162355082266098,0.780263188671158
996,01_07_a0107152130000500026C,0.6666666666666666,0.3374231290183424,23.0,10.0,1.4161706560850025,0.6397269361278702
997,01_07_a0107152130000500033C,0.8333333333333334,0.3423215805802977,27.0,7.0,1.0023602625553925,0.6345283604329078
998,01_07_a0107152130000700033B,0.8333333333333334,0.3738058012803057,25.0,9.0,1.0032246244285086,0.6924535102980154
999,01_08_a0108153010000200017S,0.5,0.19694865564524616,35.0,15.0,2.0006676371253502,0.693146293295666
1000,01_08_a0108153010000200023z,0.6666666666666666,0.11044872775633174,27.0,9.0,1.7330596328816181,0.7276307286033166
1001,01_08_a0108153010000200028z,0.6666666666666666,0.05397377679196436,22.0,17.0,1.4148464329519153,0.6639133013556707
1002,01_08_a0108153010000200031z,0.6666666666666666,0.19329265695544767,25.0,15.0,1.4148587392523464,0.7243982152745273
1003,01_08_a0108153010001700025z,0.6666666666666666,0.6852043668540762,33.0,13.0,1.7336694713726386,0.8600936420344392
1004,01_08_A0108153010002400032z,0.6666666666666666,0.19106212111260085,20.0,12.0,1.4166367796592152,0.5897571310417113
1005,01_08_a0108153010003300024A,0.6666666666666666,0.6257291481951841,31.0,13.0,1.7330364140932768,0.8312320481120026
1006,01_08_A0108153010003800033z,0.8333333333333334,0.13466682057206442,22.0,9.0,1.004475663958426,0.6610407578375777
1007,01_08_a0108153010005900033A,0.8333333333333334,0.32040354267825194,16.0,3.0,1.41505024937694,0.5633893094928677
1008,01_08_A0108153030000200026z,0.16666666666666666,0.6536478636557819,42.0,27.0,2.0024783863279207,0.9306589712725876
1009,01_08_A0108153030000200032z,0.8333333333333334,0.5808357444050964,27.0,5.0,1.4169591443319418,0.9043264566287676
1010,01_08_A0108153030000200043z,0.6666666666666666,0.3144383841065753,25.0,12.0,1.4156299506133372,0.6968405672616527
1011,01_08_A0108153030000300017z,0.3333333333333333,1.1147446404103072,41.0,16.0,2.001072893442993,1.260793025170178
1012,01_08_A0108153030000300022z,0.3333333333333333,0.6237971173871251,35.0,19.0,2.002514679263132,0.9010640034140516
1013,01_08_a0108153030000400025z,0.6666666666666666,0.7423472239969333,32.0,14.0,1.733145856428089,0.9566055064175816
1014,01_08_a0108153030000400032z,0.8333333333333334,0.3156131129156095,21.0,9.0,1.4148104315458456,0.5714606573418639
1015,01_08_a0108153030000400043z,0.5,0.16455919631262614,32.0,12.0,1.4147235309310655,0.7148024810242769
1016,01_08_A0108153030000500029z,0.6666666666666666,0.6523515927168984,30.0,13.0,1.7351451971353404,0.8419334095915839
1017,01_08_a0108153030000600017z,0.3333333333333333,1.034579706343484,40.0,17.0,2.004759807518729,1.209774631799166
1018,01_08_a0108153030000600026A,0.5,0.5766572538446073,32.0,14.0,1.734073600580582,1.0644282583031306
1019,01_08_a0108153030000600026B,0.5,0.2526600700655933,29.0,13.0,2.0006031941487685,0.8188088975555405
1020,01_08_a0108153030000600026C,0.16666666666666666,0.6788551605048698,44.0,19.0,2.0049422637109706,0.9233934680603272
1021,01_08_a0108153030000600032z,0.8333333333333334,0.3603024997860644,22.0,12.0,1.4158343288896855,0.7004115872643076
1022,01_08_a0108153030000800033z,0.5,0.5778450594947688,34.0,13.0,1.7340858522042062,0.9417649066720276
1023,01_08_a0108153030001100025z,0.6666666666666666,0.6876560405928787,32.0,14.0,1.734134391690494,0.930570362657124
1024,01_08_a0108153030001100032z,0.8333333333333334,0.3593467191049328,21.0,11.0,1.4182849419402563,0.7070996440384895
1025,01_08_a0108153030001100042z,0.6666666666666666,0.11528285658330115,26.0,9.0,1.4158006887500048,0.7022483872584275
1026,01_08_A0108153030002300024z,0.5,0.7345990399775628,36.0,16.0,1.7352210438142601,0.9706297853872178
1027,01_08_A0108153030002300032z,0.8333333333333334,0.6260518346037178,19.0,11.0,1.4196001492242367,0.9497859651355556
1028,01_08_A0108153030002400022z,0.3333333333333333,0.6490527633555339,37.0,16.0,2.0017020990836216,0.9851462619117912
1029,01_08_A0108153030002400031a,0.8333333333333334,0.630610384765828,24.0,9.0,1.4174428286770997,0.9334297538101411
1030,01_08_A0108153030002400031a1,0.8333333333333334,0.1408984637603546,20.0,11.0,1.415589494279191,0.7248642752035827
1031,01_08_a0108153030002500034z,0.6666666666666666,0.20678354069228616,26.0,17.0,1.4156191834321332,0.8507004500182902
1032,01_08_a0108153030002800031z,0.8333333333333334,0.3416974953361961,19.0,9.0,1.4148208936180504,0.5588877793056007
1033,01_08_a0108153030002900026z,0.3333333333333333,0.7675870018868878,35.0,20.0,2.001858238000896,0.9769407868097753
1034,01_08_a0108153030002900032z,0.6666666666666666,0.5818530087051828,32.0,17.0,1.4168037100825035,0.9208762489753166
1035,01_08_a0108153030003700031z,0.8333333333333334,0.2510866742438917,20.0,9.0,1.4159912232462382,0.7299142088900353
1036,01_08_a0108153030005400024A,0.8333333333333334,0.04983299004248193,22.0,8.0,1.4157114927631531,0.6406929638858491
1037,01_08_a0108153030005400024C,0.8333333333333334,0.15521375483745742,16.0,11.0,1.4153249702522923,0.6866354216622227
1038,01_08_a0108153030005400034A,0.6666666666666666,0.16403849725070654,20.0,12.0,1.4175032309923816,0.7233533297638369
1039,01_08_a0108153030005400034C,0.6666666666666666,0.1289887075134168,16.0,10.0,1.4161085367527568,0.7061388360308706
1040,01_08_a0108153030005400046A,0.5,0.3385975700655933,32.0,15.0,1.4156158387695277,0.76844014445855
1041,01_08_a0108153030005400057z,0.5,0.5690763575027034,49.0,18.0,1.0051503848959211,0.7918468234653468
1042,01_08_a0108153034000100041z,0.6666666666666666,0.6499864126028894,26.0,17.0,1.4176381511736342,0.9374873063791254
1043,01_09_A0109139050000100022z,0.3333333333333333,0.6100252686661285,40.0,16.0,2.0011853189357973,0.920523373926534
1044,01_09_A0109139050000200025z,0.5,0.6379018204578741,30.0,17.0,1.733814677970345,1.0300286104106056
1045,01_09_A0109139050000200033z,0.5,0.4256324775946869,34.0,16.0,1.7327308428663468,0.8342289766240466
1046,01_09_A0109139050000200036z,0.3333333333333333,0.30540903873411485,31.0,18.0,1.7325806005407933,0.7815765271179228
1047,01_09_A0109139050000200045z,0.6666666666666666,0.5401710218207312,29.0,10.0,1.4168056795388335,0.9078005097137678
1048,01_09_A0109139050000600033z,0.6666666666666666,0.6663430968929194,28.0,12.0,1.4164983645720628,0.9584921213648748
1049,01_09_A0109139050000600043z,0.6666666666666666,0.4114498172635393,39.0,14.0,1.002047107795687,0.6634330729350679
1050,01_09_A0109139050000700027z,0.5,0.7493158651119158,34.0,16.0,1.7345912745178649,1.031886604803908
1051,01_09_A0109139050000700033z,0.6666666666666666,0.3908048413594106,25.0,14.0,1.4149897157594302,0.7307775736985714
1052,01_09_A0109139050000800025z,0.6666666666666666,0.7149823798634036,28.0,14.0,1.734901304836103,1.0123146657485569
1053,01_09_A0109139050000800033z,0.6666666666666666,0.1483917136895102,26.0,17.0,1.4168415709944382,0.6947637266307259
1054,01_09_A0109139050000800043z,0.5,0.3410964459079199,27.0,15.0,1.4153836286912431,0.7216075769453666
1055,01_09_A0109139050000900033z,0.6666666666666666,0.6476777144020505,40.0,22.0,1.416382267072881,0.9870174548918932
1056,01_09_A0109139050001100013z,0.3333333333333333,0.4541390457745042,38.0,17.0,2.0023723572862937,0.978104883412865
1057,01_09_A0109139050001100021z,0.3333333333333333,0.528984359471278,36.0,15.0,2.0014769302295154,0.8794912587540273
1058,01_09_A0109139050001200024z,0.5,0.7367632314422567,31.0,14.0,1.7343461038365795,1.0404471953946568
1059,01_09_A0109139050001400049z,0.5,0.3252886807420444,42.0,18.0,1.4164956929822872,0.6559720779810884
1060,01_09_A0109139050001900014z,0.5,1.05610788767536,37.0,17.0,2.006543154149681,1.3013759558074212
1061,01_09_A0109139050001900017z,0.5,1.0089091728505488,40.0,17.0,2.0058792754099986,1.2593756112974073
1062,01_09_A0109139050001900021z,0.6666666666666666,0.6101041481951841,26.0,13.0,1.7345926374810503,1.0151971481899058
1063,01_09_A0109139050002100017z,0.5,0.5472673793702609,40.0,17.0,2.001453722782771,0.9912751029106186
1064,01_09_A0109139050002100021z,0.6666666666666666,0.6495589832987247,26.0,13.0,1.7338874159933415,0.9947341481006468
1065,01_09_A0109139050002600021z,0.5,0.6884306186950186,32.0,14.0,1.7355979566180186,1.0865571139922685
1066,01_09_A0109139050002900017z,0.5,0.8096353892630397,37.0,17.0,2.0031509667086898,1.1118655582718784
1067,01_09_A0109139050002900021z,0.5,0.6873760402893365,32.0,14.0,1.7353972154071815,1.083505337453449
1068,01_09_A0109139050003300021z,0.5,0.8621312200695892,36.0,18.0,1.7355535599126517,1.1837714670992832
1069,01_09_A0109139050003500017z,0.5,0.9424205305335699,37.0,17.0,2.0034428621785856,1.2028556727365942
1070,01_09_A0109139050003600031A,0.8333333333333334,0.3129066052417685,23.0,9.0,1.414907961427235,0.6895809353453294
1071,01_09_a0109139050004000032z,0.6666666666666666,0.3037608484822041,24.0,8.0,1.41598287750685,0.7163977124961658
1072,01_09_A0109139050004600032z,0.6666666666666666,0.542341271615981,25.0,12.0,1.41800040134801,0.8974461381046136
1073,01_09_a0109139050004800023z,0.8333333333333334,0.65460821963313,23.0,5.0,1.416591669407508,0.91733987107696
1074,01_09_a0109139050005200022z,0.6666666666666666,0.6922824851104421,37.0,21.0,1.4163802316433507,0.9888595798013066
1075,01_09_A0109139050005200032A,0.6666666666666666,0.5355757757482122,31.0,15.0,1.4205950668219132,0.9014184844427148
1076,01_09_A0109139050006300032A,0.6666666666666666,0.4498909557753589,32.0,20.0,1.4184004044007636,0.9684818586169976
1077,01_09_A0109139050006300032B,0.8333333333333334,0.35403615932283666,32.0,11.0,1.0016471918860863,0.7175602349684956
1078,01_09_a0109139050006800046z,0.5,0.3357839941409582,39.0,32.0,1.4157559943153293,0.8405042446793887
1079,01_09_a0109139052000100018z,0.5,1.070490009995795,38.0,17.0,2.0009189616509686,1.263486536400916
1080,01_09_a0109139052000100025z,0.5,0.7021763231623726,26.0,13.0,1.7349148873373677,1.0376932077687355
1081,01_09_A0109139200000100015z,0.3333333333333333,1.1689617054059351,39.0,16.0,2.000989455446683,1.3171986208392674
1082,01_09_A0109139200000100017z,0.3333333333333333,1.109352603554614,39.0,16.0,2.000752389728825,1.2763125704227802
1083,01_09_A0109139200000200018z,0.16666666666666666,0.6441825414572508,43.0,23.0,2.0023517221265728,0.9696060086492572
1084,01_09_A0109139200000200022z,0.16666666666666666,0.6585582659980034,45.0,28.0,2.0029246387225603,0.9910923488493064
1085,01_09_A0109139200000200028z,0.5,0.6023912235852413,36.0,17.0,1.7344186122253842,0.9031568428551962
1086,01_09_A0109139200000200033z,0.5,0.5931206143389856,36.0,17.0,1.7342395253787148,0.8891521331816773
1087,01_09_A0109139200000300013z,0.3333333333333333,1.1260890052282542,45.0,17.0,2.000962947397229,1.1937026304725384
1088,01_09_A0109139200000300017z,0.3333333333333333,1.100984402717794,43.0,18.0,2.0045829696798907,1.298025226969544
1089,01_09_A0109139200000300026z,0.16666666666666666,0.7108135402893365,36.0,25.0,2.000965509994115,0.9370825513634728
1090,01_09_A0109139200000300029z,0.5,0.5804818802889171,34.0,17.0,1.7357637506662051,0.8818116831184648
1091,01_09_A0109139200000300033z,0.5,0.6199118837103761,33.0,17.0,1.7352425309576975,0.9178070364588684
1092,01_09_A0109139200000300035z,0.5,0.4613167790320621,33.0,13.0,1.7332321759431517,0.8228603375321191
1093,01_09_A0109139200000400019z,0.3333333333333333,0.6041499322403514,39.0,19.0,2.00110289687734,0.90667754582823
1094,01_09_A0109139200000600023z,0.3333333333333333,0.489067340615009,34.0,15.0,2.001973132768565,0.855912759529972
1095,01_09_A0109139200001000019z,0.16666666666666666,1.0419931599575245,41.0,20.0,2.010817720869225,1.3054165092455277
1096,01_09_A0109139200001100033z,1.0,0.24226137234858164,23.0,10.0,1.0021303179540957,0.6720901646072232
1097,01_09_A0109139200001100044z,0.6666666666666666,0.21570998928043028,30.0,12.0,1.0043834439108652,0.7123855146634319
1098,01_09_A0109139200001300042z,0.6666666666666666,0.17342552070022998,22.0,9.0,1.4152458257749585,0.6552304000998179
1099,01_09_A0109139200001600053z,0.5,0.4656822456705104,39.0,15.0,1.4171130548748172,0.8007946951851751
1100,01_09_A0109139200002300037z,0.6666666666666666,0.5196320169067261,31.0,17.0,1.4158536038687537,0.7891519140126064
1101,01_09_A0109139200002500032z,0.6666666666666666,0.5538196390499109,29.0,15.0,1.4163677130307477,0.9111970879970974
1102,01_09_A0109139200002600035z,0.6666666666666666,0.5923836671456213,24.0,16.0,1.416727043776454,0.9577228625513454
1103,01_09_A0109139200002700043z,0.5,0.4843509972507066,44.0,21.0,1.4159359512295862,0.8636273983192003
1104,01_09_A0109139200002800032z,0.6666666666666666,0.4504027167636602,29.0,8.0,1.4162358949431484,0.8807397632918254
1105,01_09_A0109139200003100043z,0.5,0.2036657665654758,28.0,15.0,1.4152487621927192,0.7758684914223105
1106,01_09_A0109139200003200018z,0.3333333333333333,1.1262364625117225,40.0,17.0,2.005485429845937,1.2714936649959705
1107,01_09_A0109139200003200022z,0.5,0.7131927050464959,34.0,16.0,2.0014996960127847,0.8979898403965451
1108,01_09_A0109139200003200024z,0.6666666666666666,0.7555751633685581,30.0,13.0,1.7367522155530617,1.0879965012951045
1109,01_09_A0109139200003200025z,0.3333333333333333,0.5746473881433718,39.0,25.0,1.7346299153244824,0.8958122613104582
1110,01_09_A0109139200003200028z,0.5,0.4997956155876122,36.0,16.0,1.7331547209594431,0.9462123419675984
1111,01_09_A0109139200003300013z,0.3333333333333333,1.1506968652232867,45.0,17.0,2.00118892918445,1.1991104905636203
1112,01_09_A0109139200003300023z,0.3333333333333333,0.4882909017291228,36.0,15.0,2.0015011952866057,0.8610391013922416
1113,01_09_A0109139200003400013z,0.3333333333333333,1.1506968652232867,45.0,17.0,2.001232397323426,1.1980877663604266
1114,01_09_A0109139200003400023z,0.3333333333333333,0.3248185955308048,34.0,18.0,2.000731075600989,0.9410964418362804
1115,01_09_A0109139200003500013z,0.3333333333333333,1.1598292853146108,45.0,17.0,2.0012523474735544,1.2111681568645447
1116,01_09_A0109139200003500023z,0.3333333333333333,0.6262940418248819,39.0,19.0,2.0009135729022,0.9770188634094537
1117,01_09_A0109139200003500029z,0.5,0.581169663350033,36.0,17.0,1.7338417303615123,0.8869801052835201
1118,01_09_A0109139200003500030z,0.5,0.5272518108316673,38.0,20.0,1.7332671045818233,0.9477900665960446
1119,01_09_A0109139200003500033a,0.5,0.6019963468039509,36.0,17.0,1.733502918106563,0.8979176755022049
1120,01_09_A0109139200003800019z,0.3333333333333333,0.6040572898676619,43.0,19.0,2.000861989181404,0.9103640490575072
1121,01_09_A0109139200004300019z,0.3333333333333333,0.6016914782275511,43.0,19.0,2.000829737398933,0.9076424148139679
1122,01_09_A0109139200004700033z,0.6666666666666666,0.5893110709607803,29.0,15.0,1.4153579985476967,0.9378401605477324
1123,01_09_A0109139200004800034z,0.6666666666666666,0.5366963781322716,26.0,16.0,1.4152280070006975,0.9360164221128632
1124,01_09_A0109139200005100025z,0.5,0.7677440493937586,34.0,16.0,1.7362028672762737,0.9486601201757816
1125,01_09_A0109139200005200025z,0.5,0.8170569665511989,30.0,17.0,1.7351846082857063,0.9806945381784165
1126,01_09_A0109139200005200033z,0.6666666666666666,0.6354871049493143,32.0,17.0,1.4157996956659586,0.9297377587354736
1127,01_09_A0109139200005700025z,0.3333333333333333,0.564829719025107,40.0,20.0,2.0005976280076823,0.8603989355701341
1128,01_09_A0109139200006200026z,0.6666666666666666,0.7600385110380654,32.0,14.0,1.7338550754992867,0.9770241686331532
1129,01_09_A0109139200006200033z,0.6666666666666666,0.6374996835656663,29.0,10.0,1.4166955584507002,0.9323842773706452
1130,01_09_A0109139200006300036z,0.6666666666666666,0.5819462214906677,28.0,16.0,1.4150051532893315,0.9030152606534736
1131,01_09_A0109139200007000033A,0.6666666666666666,0.24023046617004265,20.0,12.0,1.4149916729322998,0.5683556739710516
1132,01_09_A0109139200007300032A,0.8333333333333334,0.3446655285761013,23.0,11.0,1.4153735101586744,0.8261859630962073
1133,01_09_A0109139200007300032B,1.0,0.13279059352890027,12.0,6.0,1.001871028487875,0.6820164922831725
1134,01_09_a0109139200007500033B,0.8333333333333334,0.2867803808713741,19.0,9.0,1.4151633562356498,0.6943034022093193
1135,01_09_a0109139200007500044z,0.5,0.21716571429114007,25.0,13.0,1.0014152022382086,0.5281065662935328
1136,01_09_A0109139200007600033A,0.6666666666666666,0.24215019700071624,25.0,12.0,1.414536999962585,0.6863179561744859
1137,01_09_A0109139200007600033B,1.0,0.3924862755191815,14.0,6.0,1.0013403627491453,0.6388847570282763
1138,01_09_A0109139200008100021z,0.3333333333333333,0.6285739594094082,36.0,16.0,2.000908379032928,0.9073556224040686
1139,01_09_A0109139200008100025A,0.6666666666666666,0.7502109199340237,32.0,14.0,1.7330081784614837,0.9483177403125416
1140,01_09_A0109139200008200033z,0.8333333333333334,0.5979699635991031,23.0,5.0,1.4153018654118414,0.903527469056916
1141,01_09_A0109139200008500031A,0.8333333333333334,0.5510102193045454,24.0,5.0,1.4175416637141507,0.8755971000489371
1142,01_09_A0109139200008600023z,0.8333333333333334,0.5132778184569395,21.0,5.0,1.415525849613581,0.8448847409546548
1143,01_09_A0109139200008700031A,0.8333333333333334,0.4466786301886528,23.0,9.0,1.4161487634424264,0.9371393845433934
1144,01_09_A0109139200010100032z,0.8333333333333334,0.3775816239649741,29.0,7.0,1.0015272285013508,0.8861584657279371
1145,01_09_a0109139200012300050z,0.6666666666666666,0.39015603259789305,34.0,12.0,1.4174716939128371,0.8907478435574699
1146,01_09_a0109139200013100033C,0.6666666666666666,0.2992151751247529,27.0,21.0,1.002083495340773,0.6925503634281817
1147,01_09_a0109139200013200033A,0.6666666666666666,0.10172010621433636,24.0,12.0,1.415020448891021,0.6724819208687538
1148,01_09_a0109139200013200033C,0.6666666666666666,0.2874782142911401,27.0,21.0,1.0033840421167868,0.6886231582803557
1149,01_09_A0109139203000100025z,0.5,0.6078356874235411,29.0,15.0,1.7365329454580312,0.9371472719599518
1150,01_09_A0109139203000100043z,0.5,0.28489446740886115,31.0,13.0,1.4155731178572055,0.7245327783576129
1151,01_09_A0109139220000100028z,0.8333333333333334,0.5505627656483765,28.0,9.0,1.4159187164994491,0.8871783733676151
1152,01_09_a0109139220000300022z,0.5,0.4208660338161464,34.0,18.0,1.7332794927276671,1.015264033789607
1153,01_09_A0109139220000400037z,0.8333333333333334,0.4863851169318851,24.0,9.0,1.4151687765727834,0.8176040126764281
1154,01_09_A0109139220000400042z,0.5,0.5079207130079222,33.0,19.0,1.4156314282891438,0.8528153968433938
1155,01_09_A0109139220000500015z,0.5,0.936337735330618,38.0,17.0,2.0007583114654426,1.1723757039156202
1156,01_09_A0109139220000500017z,0.5,1.1039759334517296,38.0,17.0,2.0029830489074407,1.2912468781954742
1157,01_09_A0109139220000500018z,0.5,0.9583261417047008,38.0,17.0,2.000672335023792,1.1902447331952664
1158,01_09_A0109139220000500028z,0.6666666666666666,0.4569098370168248,35.0,16.0,1.4160440594909989,0.938598311793466
1159,01_09_A0109139220000500031z,0.6666666666666666,0.4645944505442279,34.0,12.0,1.4174231178230616,0.9663442375621752
1160,01_09_A0109139220000800025z,0.3333333333333333,0.5831536195478544,41.0,19.0,2.0005075906075227,0.9336479867313704
1161,01_09_A0109139220000800032z,0.8333333333333334,0.6211849944184178,22.0,11.0,1.416081584888839,0.9366070632061042
1162,01_09_A0109139220000800042z,0.6666666666666666,0.5651129502158219,32.0,11.0,1.4151162652725944,0.8847631253569769
1163,01_09_A0109139220000900025z,0.5,0.6604896875939423,41.0,20.0,1.7337205370258608,1.0566744221696325
1164,01_09_A0109139220000900033z,0.8333333333333334,0.35680286026544683,25.0,11.0,1.4144668321359688,0.7054226294320145
1165,01_09_A0109139220000900043z,0.5,0.2672322227191413,26.0,12.0,1.4149735135623458,0.547791760062339
1166,01_09_A0109139220000900044z,0.5,0.3926897766485445,39.0,17.0,1.4159402368928478,0.7248821723034491
1167,01_09_A0109139220001000026z,0.5,0.698707866236538,29.0,16.0,1.7329062555471453,1.032327801525481
1168,01_09_A0109139220001000033z,0.6666666666666666,0.3339004764598036,23.0,14.0,1.4156867417732968,0.7029700066536697
1169,01_09_a0109139220001200032z,0.8333333333333334,0.5428837214906677,28.0,9.0,1.4158781625272026,0.8823437507742532
1170,01_09_A0109139220001300018z,0.16666666666666666,0.5644496498729441,39.0,25.0,2.002768365401152,0.9241817549093644
1171,01_09_A0109139220001300040z,0.3333333333333333,0.13632043828264756,42.0,20.0,1.4160372633001357,0.7383127673588472
1172,01_09_A0109139220001500037z,0.6666666666666666,0.4428335961773845,29.0,15.0,1.4145239700274894,0.809167423029834
1173,01_09_A0109139220001500042z,0.6666666666666666,0.2271668191861383,25.0,11.0,1.0013245167141276,0.5621829870206002
1174,01_09_A0109139220001700019z,0.16666666666666666,0.6222489325189589,38.0,25.0,2.002591090814415,1.0089640940850864
1175,01_09_A0109139220001700027z,0.5,0.23569920334288855,25.0,16.0,1.7346295640610159,0.9211999298874962
1176,01_09_A0109139220001700031z,0.6666666666666666,0.4636662940777959,26.0,12.0,1.4172132284625087,0.8528431968096284
1177,01_09_A0109139220002500032z,0.6666666666666666,0.4707678156668437,24.0,15.0,1.4161300581625624,0.9744114210963822
1178,01_09_A0109139220002800027z,0.6666666666666666,0.7372299532080206,35.0,13.0,1.7332202052722006,0.9436862417767932
1179,01_09_A0109139220002800038z,0.8333333333333334,0.6184815418248819,23.0,11.0,1.4155333779878525,0.9239623811220796
1180,01_09_A0109139220003000027z,0.5,0.4897884260875257,31.0,14.0,1.7345367513480312,0.9249373462855084
1181,01_09_A0109139220003000031z,0.6666666666666666,0.5321241114033766,31.0,11.0,1.4154272828860122,0.8811679826115606
1182,01_09_A0109139220003100026z,0.3333333333333333,0.6956999936762336,41.0,20.0,2.0012419401968824,1.050148137720528
1183,01_09_A0109139220003100027z,0.3333333333333333,0.7044205489021167,36.0,15.0,2.001336413150959,1.0008143157087932
1184,01_09_A0109139220003100039z,0.6666666666666666,0.4566329382826476,25.0,14.0,1.4155652869079818,0.7229703014131232
1185,01_09_A0109139220003200024z,0.3333333333333333,0.6296871835656663,44.0,23.0,2.0010510558389747,1.0160309364753928
1186,01_09_A0109139220003200036z,0.6666666666666666,0.5540300513047607,35.0,16.0,1.415851197206771,0.935916444672506
1187,01_09_A0109139220003500018z,0.5,1.1464948568872986,38.0,17.0,2.0008437298478516,1.2817004278840454
1188,01_09_A0109139220003600019z,0.16666666666666666,0.6337231427681358,49.0,26.0,2.0004423777190325,1.069697688999123
1189,01_09_A0109139220003600028z,0.6666666666666666,0.460468532597893,34.0,20.0,1.4161789742905109,0.9457476768780824
1190,01_09_A0109139220003600031z,0.6666666666666666,0.5724880739415623,30.0,12.0,1.4166889097432545,0.9362504753652916
1191,01_09_A0109139220003800037z,0.8333333333333334,0.3101181878434785,20.0,9.0,1.4150419507816585,0.6019441932698884
1192,01_09_A0109139220004200030z,0.5,0.5694801605048698,30.0,15.0,1.733610244984182,0.9876843013673596
1193,01_09_A0109139220004300036z,0.6666666666666666,0.6393235719873829,26.0,12.0,1.4165734286096971,0.950727281005314
1194,01_09_A0109139220004400018z,0.3333333333333333,0.9587974404471498,39.0,16.0,2.00251580984789,1.1903723810444584
1195,01_09_A0109139220004500018z,0.3333333333333333,0.7190236088365833,39.0,16.0,2.0007718680918667,1.0517593169552892
1196,01_09_A0109139220004700024z,0.6666666666666666,0.6959491775988869,32.0,14.0,1.7329198354639814,0.9230007745928216
1197,01_09_A0109139220004700032z,0.5,0.4697856281560652,27.0,17.0,1.7330279560588682,0.9589308365795616
1198,01_09_a0109139220004900032B,0.6666666666666666,0.28236966108057504,27.0,12.0,1.4154172452905385,0.6226522205373552
1199,01_09_A0109139220004900042z,0.6666666666666666,0.31144615667345216,25.0,6.0,1.4158459066285467,0.7205096716685638
1200,01_09_A0109139220005000030z,0.8333333333333334,0.3196908849855585,21.0,11.0,1.416475003972172,0.7314341329108274
1201,01_09_A0109139220005600025z,0.5,0.698707866236538,33.0,13.0,1.73356113832375,1.0023656995257901
1202,01_09_A0109139220005600033z,0.8333333333333334,0.6215682243861897,27.0,11.0,1.4161331179795773,0.9412025327778679
1203,01_09_A0109139220005700023z,0.5,0.685905897466321,28.0,9.0,1.7329431800473978,0.9975919573579268
1204,01_09_A0109139220005700049z,0.5,0.2341706155876121,31.0,17.0,1.4150162912619182,0.7862238920986514
1205,01_09_A0109139220006300033B,0.8333333333333334,0.10242213319790178,22.0,3.0,1.4148233438125182,0.6640080393173476
1206,01_09_a0109139220006700031z,0.6666666666666666,0.18453199632745404,26.0,9.0,1.4145781993338966,0.7441765960840809
1207,01_09_a0109139220007100035D,0.8333333333333334,0.39385881547563,23.0,8.0,1.4164666082593769,0.907683703934322
1208,01_09_A0109139230000100018z,0.3333333333333333,0.928525235330618,46.0,20.0,2.005283790144472,1.254550510362769
1209,01_09_A0109139230000200021z,0.16666666666666666,0.6466065530583731,44.0,27.0,2.002285548063964,1.0028337581558415
1210,01_09_A0109139230000200026z,0.5,0.6650836425079998,29.0,17.0,1.733826343480758,0.9626738839443748
1211,01_09_A0109139230000200042z,0.3333333333333333,0.3369428715475346,42.0,19.0,1.4163356276957009,0.7669989404074326
1212,01_09_A0109139230000300021z,0.6666666666666666,0.7423472239969333,30.0,12.0,1.734845063842231,1.0933286216401112
1213,01_09_A0109139230000600017z,0.3333333333333333,0.6251597239969333,36.0,16.0,2.0015214566179838,1.0727653270747084
1214,01_09_A0109139230000600019z,0.6666666666666666,0.5569427050464959,33.0,15.0,1.7355463241211917,1.0609320200639747
1215,01_09_a0109139230000600024z,0.6666666666666666,0.3411247607125541,18.0,12.0,1.7323821343576795,0.6053103670620205
1216,01_09_A0109139230000600027z,0.5,0.4549862755191815,37.0,18.0,1.4176074796753346,0.893111794004064
1217,01_09_A0109139230000700010z,0.5,0.8379038412926809,41.0,18.0,2.000913361768673,1.0979831965882418
1218,01_09_A0109139230000700014z,0.3333333333333333,0.5319606237046424,40.0,18.0,2.001205898968529,0.994086008327422
1219,01_09_A0109139230000700017z,0.6666666666666666,0.6006329382826476,32.0,13.0,1.7338293245314218,0.979748129301918
1220,01_09_A0109139230000800024z,0.5,0.677018613213777,35.0,19.0,1.7338918928587146,0.97676076602851
1221,01_09_A0109139230000900021z,0.16666666666666666,0.7440947119829533,49.0,28.0,2.004506124378748,1.0613884433536045
1222,01_09_a0109139230001000022z,0.5,0.7231395997246539,35.0,20.0,1.7343130831549969,1.116923756126632
1223,01_09_a0109139230001000026z,0.5,0.6202213287839669,38.0,18.0,1.7338260629394688,1.0494801493056911
1224,01_09_a0109139230001400014z,0.5,0.9667543957725259,41.0,18.0,2.0013535809571272,1.1757018243682276
1225,01_09_a0109139230001400023z,0.6666666666666666,0.47767051998199395,23.0,12.0,1.732390881897811,0.8401403036733436
1226,01_09_a0109139230001400044z,0.6666666666666666,0.2591881675891353,24.0,14.0,1.4177278000663145,0.6417348464596354
1227,01_09_A0109139230001600040z,1.0,0.4256729614845037,16.0,2.0,1.0015674876421934,0.8652606231351734
1228,01_09_A0109139230001600048z,0.6666666666666666,0.5306432341063134,31.0,10.0,1.0019624225984258,0.8487247119620703
1229,01_09_A0109139230001700032z,0.8333333333333334,0.6005535338161463,22.0,5.0,1.415657508562128,0.8826426532051873
1230,01_09_A0109139230001900040z,0.6666666666666666,0.4131629790158451,27.0,10.0,1.4150325718382668,0.8149183609639448
1231,01_09_A0109139230001900049z,0.5,0.5275863750897429,36.0,15.0,1.4157173934269165,0.8643704187068557
1232,01_09_a0109139230002200038z,0.8333333333333334,0.13602694543828264,20.0,11.0,1.4154075782792108,0.7254822043770501
1233,01_09_A0109139230002400032z,1.0,0.3287139822386915,22.0,6.0,1.004224608321735,0.8503612129581853
1234,01_09_A0109139240000100022z,0.5,0.6356610712749748,33.0,15.0,2.0013459133165377,0.9580537160570782
1235,01_09_a0109139240000400032A,0.5,0.6255704382826475,33.0,16.0,1.7336462921024702,0.9901961947432404
1236,01_09_a0109139240000500033z,0.6666666666666666,0.2826860915680987,23.0,13.0,1.4208541024700978,0.7205056448254819
1237,01_09_a0109139240000500043z,0.5,0.2929775024109041,37.0,18.0,1.4148385416063671,0.7473237005119153
1238,01_09_A0109139240000800025z,0.5,0.6480714713404987,32.0,16.0,1.7334273608419035,1.0170787906384209
1239,01_09_A0109139240001100026z,0.6666666666666666,0.5538441724598628,23.0,10.0,1.7333519807033275,0.9177145704797388
1240,01_09_A0109139240001200017z,0.3333333333333333,0.8196692419130105,40.0,16.0,2.00298007212429,1.1596116193527672
1241,01_09_A0109139240001200021z,0.6666666666666666,0.632343532597893,29.0,13.0,1.7330413458543459,1.0190882235202916
1242,01_09_A0109139240001200025z,0.6666666666666666,0.6271755739415623,29.0,13.0,1.733236023682306,1.0219271883167995
1243,01_09_A0109139240001600021z,0.16666666666666666,0.8347930506421981,37.0,15.0,2.0019767606323837,1.1145542680126306
1244,01_09_A0109139240002300025z,0.5,0.7502109199340237,36.0,16.0,1.7336677646433427,0.9821580391301236
1245,01_09_a0109139240002400015z,0.3333333333333333,0.8262699019790172,40.0,18.0,2.002691059972069,1.1245449335403803
1246,01_09_a0109139240002400021z,0.6666666666666666,0.632343532597893,29.0,13.0,1.7331120613090545,1.0208586625007896
1247,01_09_a0109139240002500015z,0.5,0.9435243240504378,39.0,17.0,2.00455131921078,1.1454478138973192
1248,01_09_a0109139240002500021z,0.5,0.5867534202103584,37.0,14.0,1.7344371339758298,0.9282401393984281
1249,01_09_a0109139240003400033A,0.8333333333333334,0.6284460979132545,22.0,9.0,1.4159981909539645,0.9365375171632954
1250,01_09_a0109139240003400050z,0.3333333333333333,0.3684309455290244,36.0,15.0,1.4160225931734431,0.6348987398470369
1251,01_09_a0109139240004000029B,0.5,0.7502109199340237,36.0,16.0,2.0018538835138955,0.9582063913049872
1252,01_09_A0109139240006300031A,0.5,0.38260811558761215,33.0,14.0,1.4177115136680416,0.7746117426893926
1253,01_10_A0110132010000100031z,0.6666666666666666,0.11515065403910744,21.0,12.0,1.4146353191111418,0.7601860135832621
1254,01_10_A0110132010000300032z,0.6666666666666666,0.5878433813206223,31.0,18.0,1.4167919044316857,0.9199797431906152
1255,01_10_A0110132010000400032z,0.6666666666666666,0.21451531753130587,25.0,14.0,1.414677003859675,0.6454956359248788
1256,01_10_A0110132010000500030z,0.8333333333333334,0.6034683813206223,27.0,11.0,1.4151821025198934,0.9399082145745632
1257,01_10_A0110132010001600023A,0.5,0.6828037251907255,29.0,13.0,1.7344869129549207,0.9798605905694078
1258,01_10_A0110132010001600031z,0.8333333333333334,0.6309815530583731,23.0,9.0,1.4171697131219183,0.9400157891241524
1259,01_10_A0110132010001700032A,1.0,0.3196396950394043,17.0,6.0,1.0003948851644329,0.6291672117913557
1260,01_10_A0110132010001700032D,1.0,0.22441086103838864,10.0,0.0,1.0021062121229385,0.5075855629735576
1261,01_10_a0110132010002000033z,1.0,0.2193543191861383,13.0,6.0,1.0014619283413273,0.6747178960040552
1262,01_10_A0110132010002100032z,0.6666666666666666,0.052716905187835394,21.0,6.0,1.4152125095180368,0.6316625097994134
1263,01_10_A0110132020000100018z,0.16666666666666666,0.6604896875939423,49.0,27.0,2.0010465494699057,1.071187763532107
1264,01_10_A0110132020000100021z,0.16666666666666666,0.6902511719008813,44.0,27.0,2.0019785398694743,1.0416052453901563
1265,01_10_A0110132020000100022z,0.16666666666666666,0.6932526565925068,47.0,27.0,2.002115116857932,1.048565890029868
1266,01_10_A0110132020000100026z,0.16666666666666666,0.6932526565925068,49.0,28.0,2.0016533203837708,1.0314397103265007
1267,01_10_A0110132020000100029z,0.16666666666666666,0.6929441774757312,49.0,28.0,2.0018900354007227,1.02866959907143
1268,01_10_A0110132020000100035z,0.5,0.6932526565925068,37.0,16.0,1.7340093775285574,1.0307480914552591
1269,01_10_A0110132020000100040z,0.6666666666666666,0.28296251902798913,28.0,14.0,1.4159549020441995,0.7553878261995566
1270,01_10_A0110132020000100045z,0.3333333333333333,0.26639937203005953,39.0,20.0,1.4175631032722893,0.5805655839673227
1271,01_10_A0110132020000200031z,0.6666666666666666,0.11478682483726944,30.0,14.0,1.4152653137275444,0.7015752003253586
1272,01_10_A0110132020000200051z,0.5,0.31221725780927473,49.0,27.0,1.0043863437527594,0.7936532747180601
1273,01_10_A0110132020000300025z,0.16666666666666666,0.5831536195478544,43.0,24.0,2.000824109817416,0.9677998846883852
1274,01_10_A0110132020000300032z,0.5,0.2777975679340487,20.0,12.0,1.7326746335367569,0.6210040442018652
1275,01_10_A0110132020000300036z,0.6666666666666666,0.4057128112603141,22.0,15.0,1.4147751375436293,0.540899385170322
1276,01_10_A0110132020000300037z,0.6666666666666666,0.4011540399387679,22.0,15.0,1.4148794686719108,0.5369326864747654
1277,01_10_A0110132020000800035z,0.6666666666666666,0.2484630397795097,25.0,15.0,1.4149537173437503,0.6996665727047463
1278,01_10_A0110132020002500032A,0.8333333333333334,0.17054568072268106,19.0,9.0,1.4152944041100997,0.7219034144059799
1279,01_10_A0110132023000200024z,0.16666666666666666,0.7221196639463643,43.0,24.0,2.0014682546633917,1.0772175678313132
1280,01_10_A0110132030000100016z,0.16666666666666666,1.015337391723943,45.0,23.0,2.0020279547752566,1.2743214389895838
1281,01_10_A0110132030000100019z,0.16666666666666666,0.4370634666583814,46.0,23.0,2.002741410704867,0.8054606891185947
1282,01_10_A0110132030000100024z,0.16666666666666666,0.7312598039542892,43.0,24.0,2.001480586474675,1.0831260764655026
1283,01_10_A0110132030000100029z,0.6666666666666666,0.3017844702542284,29.0,13.0,1.7321642934101278,0.7041216855324633
1284,01_10_A0110132030000200014z,0.16666666666666666,1.1299997724535018,49.0,20.0,2.0016353524681767,1.3420441494320996
1285,01_10_A0110132030000200021z,0.3333333333333333,0.5226051605048698,38.0,16.0,2.0018098702699243,1.003749662487304
1286,01_10_A0110132030000200031z,0.8333333333333334,0.2502934928443649,21.0,9.0,1.4151856523789752,0.6971214417324869
1287,01_10_a0110132030000300020z,0.16666666666666666,0.6466065530583731,46.0,28.0,2.001850906583162,1.0142521448396786
1288,01_10_A0110132030000800026z,0.5,0.2313518536265629,30.0,16.0,1.7324083873729548,0.6516526693092888
1289,01_10_A0110132030000800027z,0.5,0.2352344076182523,30.0,16.0,1.7323595354947785,0.6501515403923182
1290,01_10_A0110132030001100031z,0.6666666666666666,0.2935402658688545,31.0,14.0,1.4150972142167937,0.8936711032554742
1291,01_10_A0110132030001500011z,0.5,1.4509186525683615,41.0,18.0,2.001715740326354,1.371528275618089
1292,01_10_a0110132030001500014z,0.3333333333333333,1.2874021690518782,45.0,24.0,2.0020699190080933,1.3679468488045314
1293,01_10_A0110132030001900019z,0.3333333333333333,0.9360336873463181,40.0,18.0,2.0033346799353087,1.2504535752478696
1294,01_10_A0110132030002500035z,0.6666666666666666,0.3055031168837272,37.0,19.0,1.4156597318963964,0.7434693331879829
1295,01_10_A0110132030002800023z,1.0,0.7000098039542892,20.0,6.0,1.0026047469429382,0.9549906905156756
1296,01_10_A0110132030002800041z,0.5,0.30512884949760083,35.0,12.0,1.415008636206453,0.6734197118318999
1297,01_10_A0110132040000100032z,0.5,0.2071565273479033,27.0,18.0,1.4148080419525786,0.735548396285503
1298,01_10_A0110132040000200024z,0.6666666666666666,0.6560938547246962,33.0,14.0,1.7328223900498432,0.9654424577930502
1299,01_10_A0110132040000200025z,0.5,0.7261065739758629,31.0,16.0,2.0006079256891964,1.00078570497151
1300,01_10_A0110132040000200050z,0.5,0.28877796255449223,29.0,12.0,1.4144995336448325,0.5451396582947206
1301,01_10_a0110132040000300018z,0.16666666666666666,0.6776276565925068,48.0,26.0,2.0023000542156955,1.0309511699008271
1302,01_10_A0110132040000300021z,0.3333333333333333,0.6671787251907255,38.0,20.0,2.0008751945018157,1.0524772224773993
1303,01_10_a0110132040000300022A,0.5,0.632356573975863,30.0,15.0,2.000735889035346,0.98708076030124
1304,01_10_a0110132040000300026z,0.6666666666666666,0.4198652546973344,27.0,17.0,1.7329264855143791,0.8838150717377677
1305,01_10_a0110132040000300030z,0.5,0.5759646805260843,37.0,16.0,1.7332697141657107,0.971544562177804
1306,01_10_A0110132040000300031z,0.5,0.5855112199055592,37.0,16.0,1.7331964350186562,0.9723457410977184
1307,01_10_A0110132040000400025z,0.5,0.26714037432836485,29.0,11.0,1.732178667320269,0.7219393863604857
1308,01_10_A0110132040000400033z,0.6666666666666666,0.25878334186577545,25.0,11.0,1.414463178256741,0.7195409766468409
1309,01_10_A0110132040001000027z,0.5,0.4244325805008944,26.0,12.0,1.7322621938490734,0.7664061882254053
1310,01_10_A0110132040001100026a,0.5,0.36968705730818135,21.0,13.0,1.732232656916565,0.6186147451646279
1311,01_10_A0110132040001100028a,0.5,0.3622393443260481,26.0,14.0,1.7325314843315538,0.6713213543403165
1312,01_10_a0110132040001300019z,0.16666666666666666,0.6237755623035353,49.0,26.0,2.000768640680211,1.071277464411863
1313,01_10_A0110132040001600015z,0.3333333333333333,1.0622845340273284,41.0,16.0,2.004963623463514,1.2971420611627584
1314,01_10_A0110132040001600021z,0.3333333333333333,0.6590907550870553,38.0,20.0,2.000829473586052,1.0417170475177215
1315,01_10_A0110132040001700017z,0.3333333333333333,1.0973255789752885,42.0,18.0,2.0044252361204498,1.3309817429202428
1316,01_10_A0110132040002000032z,0.6666666666666666,0.2816555055479233,18.0,12.0,1.415669979817323,0.5787852187795771
1317,01_10_A0110132040002700019z,0.16666666666666666,0.9210524139380782,50.0,26.0,2.0005806393043057,1.2362382792272313
1318,01_10_A0110132040002800054z,0.5,0.4057094907451743,32.0,21.0,1.4143833821454126,0.8156211850367091
1319,01_10_A0110132040002800063z,0.5,0.2809534543147117,36.0,20.0,1.4170846694418406,0.7600127029055178
1320,01_10_a0110132040003100035z,0.8333333333333334,0.3081954382826476,24.0,9.0,1.0002428801335086,0.7096880291041842
1321,01_10_a0110132040003100038z,0.6666666666666666,0.3495163697601636,32.0,11.0,1.4166874989143567,0.6100691097256697
1322,01_10_A0110132040003700045z,0.6666666666666666,0.3464119987922017,31.0,14.0,1.001607740719999,0.7900412486406501
1323,01_10_A0110132040004600033z,1.0,0.1324668737354414,19.0,4.0,1.0021020138323968,0.6680513436210812
1324,01_10_A0110132040004900024z,0.5,0.4519707368534686,24.0,13.0,1.732135599417144,0.7372051325704344
1325,01_10_A0110132040004900032z,0.6666666666666666,0.2652647477427608,23.0,14.0,1.4150375139486908,0.7287476320585282
1326,01_10_A0110132040005600024z,0.8333333333333334,0.4657576152852316,26.0,12.0,1.4150923856974942,0.7256714423539243
1327,01_10_A0110132040005600034A,1.0,0.4557869987922017,17.0,6.0,1.002291925193459,0.8317954150983349
1328,01_10_a0110132040005900019z,0.5,0.4302675898834009,35.0,15.0,2.000231925565749,0.7982544033104257
1329,01_10_a0110132040006100031z,0.6666666666666666,0.2847579382826476,24.0,6.0,1.4151194454729312,0.6466464098142106
1330,01_11_a0111130030000100019z,0.5,0.7846072148099787,36.0,17.0,1.7348281010260225,0.9955020218412044
1331,01_11_a0111130030000100029z,0.3333333333333333,0.6486329382826475,32.0,17.0,1.7337529128028295,0.8626149586954657
1332,01_11_a0111130030000200015z,0.5,1.04922553087524,37.0,17.0,2.0039564259630858,1.2215386916934945
1333,01_11_a0111130030000200018z,0.6666666666666666,0.5026150811397905,30.0,13.0,1.7365689239762918,0.9433366442024692
1334,01_11_a0111130030000200025z,0.3333333333333333,0.7826517470600771,43.0,26.0,1.7333867917123729,1.0056876467654323
1335,01_11_a0111130030000200031z,0.5,0.5461713479861516,39.0,22.0,1.41752414271023,0.9600642741726126
1336,01_11_a0111130030000800031z,0.3333333333333333,0.6108457547383437,40.0,20.0,1.7330944194669768,0.916337779788312
1337,01_11_a0111130030001300027z,0.5,0.632343532597893,37.0,19.0,1.7327034392996934,0.9558474927026956
1338,01_11_a0111130080000800035A,0.6666666666666666,0.628181510706046,24.0,12.0,1.4164808157004127,0.9339055729922888
1339,01_11_a0111130080000800035B,0.6666666666666666,0.6211849944184178,24.0,12.0,1.4157053213912243,0.9240989756285608
1340,01_11_a0111130090001600020z,0.5,0.3902449182072976,31.0,15.0,1.7338978512327468,0.7613580046752062
1341,01_11_a0111130090001600032z,0.6666666666666666,0.3751570346681898,24.0,14.0,1.4159593080266932,0.872735872381
1342,01_11_a0111130090001600042z,0.5,0.4253829382826476,39.0,24.0,1.4147840468368476,0.6401679386883082
1343,01_12_A0112156010000100027z,0.16666666666666666,0.7073451889948983,41.0,22.0,2.000925381727697,0.9207630380664577
1344,01_12_A0112156010000300024z,0.5,0.2340845957412111,30.0,19.0,1.7322211606805291,0.6232461802151621
1345,01_12_A0112156010002300032z,0.8333333333333334,0.06618214497218444,21.0,9.0,1.00040482391951,0.6791845854833095
1346,01_12_a0112156010002400024z,0.6666666666666666,0.7379785040318831,32.0,14.0,1.7336632475404463,0.9237106101826292
1347,01_12_a0112156010002500022z,0.8333333333333334,0.8443452640666196,23.0,13.0,1.4200439460317316,1.0643949068375826
1348,01_12_a0112156010002800023z,0.6666666666666666,0.6218746835656663,27.0,12.0,1.7337133204990631,0.9245179391111428
1349,01_12_a0112156010002800031z,0.8333333333333334,0.5377951162685961,24.0,11.0,1.4160186149401484,0.8598319868909371
1350,01_12_a0112156010003200032z,0.8333333333333334,0.58015313326872,29.0,9.0,1.0051437613306058,0.9516746139828868
1351,01_12_a0112156010003200051z,0.6666666666666666,0.6715089713404987,40.0,15.0,1.0005336985214068,0.898986540715318
1352,01_12_A0112156020000100026z,0.6666666666666666,0.7354462421411685,33.0,13.0,1.7334237977837197,0.8916661072809201
1353,01_12_A0112156020000100033z,0.6666666666666666,0.15908965926024432,25.0,12.0,1.4168396780690442,0.7214636057630074
1354,01_12_A0112156020000100050z,0.6666666666666666,0.15761276203032842,22.0,11.0,1.4154057757065623,0.510978422781827
1355,01_12_a0112156020000400025z,0.16666666666666666,0.7193195054468267,40.0,27.0,2.0017022957024047,0.9432429118113714
1356,01_12_a0112156020000400032z,0.6666666666666666,0.16744242621134905,30.0,15.0,1.414595040210104,0.6147321855900705
1357,01_12_A0112156020000600034z,0.8333333333333334,0.38130966242057857,30.0,7.0,1.0015343100360408,0.8919603475982342
1358,01_12_a0112156020000900021z,0.3333333333333333,0.6967077622263096,33.0,16.0,2.0012941482737805,0.9482826490549036
1359,01_12_A0112156020000900024z,0.3333333333333333,0.6876188537756054,33.0,16.0,2.0016874810153853,0.9662232620104858
1360,01_12_A0112156020000900025z,0.5,0.7584077640666196,31.0,13.0,1.7344100232648467,1.1257611252865132
1361,01_12_A0112156020001200034z,0.5,0.4239684187840403,34.0,9.0,1.4214303645887034,0.7754390254776684
1362,01_12_A0112156020001300048z,0.5,0.3947435344750324,37.0,17.0,1.4147894065974251,0.7335425242729509
1363,01_12_A0112156020001700031A,0.6666666666666666,0.15975793828264756,30.0,11.0,1.0012158776239064,0.6747415131790886
1364,01_12_A0112156020001800024z,0.8333333333333334,0.1365871704130046,22.0,9.0,1.4153477321213472,0.7035960927838332
1365,01_12_A0112156020001800031z,0.8333333333333334,0.3218199938161179,21.0,11.0,1.415795521384693,0.6598936521259492
1366,01_12_a0112156030000200032a,0.6666666666666666,0.570758478628469,30.0,11.0,1.4159993228204866,0.9363501395312298
1367,01_12_a0112156030000200042z,0.3333333333333333,0.3007257170760662,38.0,19.0,1.4150498987034046,0.7259024617392387
1368,01_12_a0112156030001000035z,0.6666666666666666,0.632343532597893,29.0,13.0,1.4166612884389826,0.8496361814795952
1369,01_12_a0112156030001600034B,0.8333333333333334,0.15976917811946886,25.0,9.0,1.4152335242355976,0.6926004664670609
1370,01_12_a0112156030002500034B,0.6666666666666666,0.06826159990562952,26.0,13.0,1.4148743168568056,0.5661923601864137
1371,01_12_A0112156030002700024z,0.8333333333333334,0.6860221832968927,23.0,3.0,1.4155928561371822,0.9379631338836002
1372,01_12_A0112156030002700031B,0.6666666666666666,0.5213624916469166,29.0,14.0,1.4154036270656662,0.8879402610663317
1373,01_12_a0112156030003200032z,0.8333333333333334,0.24164552584832186,23.0,11.0,1.4144125064888875,0.6534175355747986
1374,01_12_a0112156030003200042z,0.6666666666666666,0.3671916504038597,25.0,18.0,1.0014120379050266,0.7554539388370894
1375,01_12_A0112156030003300022z,0.8333333333333334,0.0601524675895459,15.0,5.0,1.4156331155740218,0.5312413796426134
1376,01_12_A0112156030003300032A,0.8333333333333334,0.3362427985310948,30.0,3.0,1.0047224579226308,0.7094450534553669
1377,01_12_A0112156030003300032B,0.8333333333333334,0.3665342540721212,22.0,9.0,1.0055796824790724,0.5597014608290396
1378,01_12_A0112156030003300032C,0.8333333333333334,0.2885360039130448,20.0,9.0,1.4172663548562547,0.6103459132070773
1379,01_12_A0112156030003300045z,0.6666666666666666,0.3424882014405423,45.0,21.0,1.0057641069555827,0.8497335073650715
1380,01_12_A0112156030004600032z,0.8333333333333334,0.1321240868145992,15.0,11.0,1.4161759591769156,0.6925238516785911
1381,01_12_a0112156030006300047B,0.6666666666666666,0.3550704382826476,26.0,12.0,1.4150711299540049,0.7241740845693037
1382,01_12_A0112156030006700032z,0.6666666666666666,0.13632043828264756,27.0,11.0,1.415590151366383,0.6910982114770096
1383,01_12_a0112156030007000033A,0.8333333333333334,0.34338397134049875,30.0,7.0,1.0044388755394371,0.7839985998795737
1384,01_12_a0112156030007000033B,0.6666666666666666,0.22218475327093795,30.0,13.0,1.4152531542296898,0.7673267157622919
1385,01_12_a0112156030007000033C,0.8333333333333334,0.3228899171908361,24.0,9.0,1.0029411901526837,0.7758270335768529
1386,01_12_a0112156030007000045B,0.6666666666666666,0.4920400483743907,29.0,16.0,1.004616527341306,0.9052097256091108
1387,01_12_a0112156030007100023A,1.0,0.310235645289017,18.0,6.0,1.0013182624568475,0.7889942806948641
1388,01_12_a0112156030007100032A,1.0,0.2776137173050509,22.0,6.0,1.0024818093141272,0.681429820857212
1389,01_12_a0112156030007500026z,0.3333333333333333,0.269956362746512,41.0,18.0,2.0015531195089684,0.8179231220267783
1390,01_12_a0112156030007600032B,0.8333333333333334,0.16056286252507185,26.0,3.0,1.0014353891483323,0.6931597759553124
1391,01_12_a0112156030008100033B,0.8333333333333334,0.13737711788353452,23.0,5.0,1.4156740438555862,0.6588359338499677
1392,01_12_a0112156030008100043A,0.5,0.15058296147374214,39.0,17.0,1.4146774829204325,0.7116022851969377
1393,01_12_A0112156050000100033z,0.6666666666666666,0.34881777219692617,23.0,14.0,1.4150550371099249,0.6945673891031547
1394,01_12_A0112156050000200025z,0.5,0.7352707091804804,38.0,18.0,1.7345157784559877,1.0146797597164094
1395,01_12_A0112156050000200047z,0.5,0.2392844702542284,31.0,17.0,1.414677464777886,0.5730624446946194
1396,01_12_a0112156050001300024z,0.8333333333333334,0.34967910945381875,17.0,9.0,1.415383818286552,0.5967002496443814
1397,01_12_a0112156050001300025z,0.8333333333333334,0.16822770405702614,19.0,3.0,1.4147275559776602,0.6324554648850335
1398,01_12_a0112156060000100018z,0.3333333333333333,1.1543073568872986,41.0,16.0,2.000956005010308,1.2785540938840907
1399,01_12_a0112156060000200025z,0.5,0.7613948430445523,33.0,17.0,1.7337476375406289,0.9693119670617408
1400,01_12_A0112156060000800023z,0.5,0.10024705727685512,26.0,13.0,1.7320875075977968,0.755445068960016
1401,01_12_A0112156060000800031z,0.6666666666666666,0.3273977820563355,25.0,11.0,1.414535919179286,0.728808556096056
1402,01_12_A0112156060000800040z,0.5,0.36355466725461016,40.0,15.0,1.0013149240375134,0.7252150219983343
1403,01_12_A0112156060001200023z,0.8333333333333334,0.18213129113941898,23.0,11.0,1.414530725442887,0.7182300337282324
1404,01_12_A0112156060001200024z,0.8333333333333334,0.5084168191861382,32.0,5.0,1.0011538377336997,0.7152646617091476
1405,01_12_A0112156060001200031z,0.8333333333333334,0.10538655099941058,20.0,7.0,1.4161092114572396,0.6627635790606259
1406,01_12_a0112156060001300022z,0.3333333333333333,0.7763821545835881,34.0,14.0,2.000625939910782,1.0682655638175285
1407,01_12_a0112156060001300038z,0.5,0.4769995370606516,54.0,28.0,1.004798552635798,0.6544042258158003
1408,01_12_A0112156060001400021B,0.8333333333333334,0.4189084907688354,27.0,14.0,1.4147305703660638,0.8043956916162661
1409,01_12_A0112156070000100028z,0.6666666666666666,0.7685595437872348,26.0,12.0,1.7357841331555668,1.0774644551685877
1410,01_12_a0112156070000100031A,0.5,0.4948621049493142,42.0,19.0,1.7326759369433713,0.9128532716276274
1411,01_12_a0112156070000100031B,0.6666666666666666,0.647971135146759,29.0,11.0,1.7351538222744192,1.026759044179836
1412,01_12_a0112156070000100033z,0.5,0.2328873787799833,28.0,16.0,1.732999507234824,0.7702375041131782
1413,01_12_a0112156070000100049z,0.3333333333333333,0.35237157464628394,36.0,21.0,1.4168427604738294,0.6549319963759006
1414,01_12_A0112156070000200028z,0.3333333333333333,0.6005535338161463,31.0,20.0,1.7336402855466309,0.8347295210080664
1415,01_12_A0112156070000200032z,0.3333333333333333,0.03827951533516322,34.0,19.0,1.7326114486596016,0.7551450691738557
1416,01_12_A0112156070000200043A,0.5,0.27834315485515226,30.0,14.0,1.4148073849190583,0.5463265998492273
1417,01_12_A0112156070000200043B,0.3333333333333333,0.2816299733870119,43.0,21.0,1.4156714720441514,0.6565051547507477
1418,01_12_A0112156070000200048A,0.5,0.15702117657185327,32.0,16.0,1.4152010777098951,0.6720530328990989
1419,01_12_A0112156070000200048B,0.3333333333333333,0.3321020117816124,39.0,23.0,1.4170225544265038,0.7215355633751019
1420,01_12_a0112156070000300032z,0.6666666666666666,0.6604634148712762,29.0,11.0,1.734581945019723,1.0319390877339225
1421,01_12_a0112156070000400034z,0.5,0.2328873787799833,28.0,16.0,1.7330712867460532,0.7740795296131562
1422,01_12_a0112156070000600024z,0.6666666666666666,0.6407438537756054,23.0,12.0,1.7332372142668313,0.9542653786888056
1423,01_12_a0112156070000600033A,0.8333333333333334,0.19512386770610685,19.0,3.0,1.4152313671926309,0.6931759726795701
1424,01_12_a0112156070000600033C,1.0,0.14292978119845867,9.0,0.0,1.0022581214991233,0.6927369525530576
1425,01_12_a0112156070000900024A,0.6666666666666666,0.6697990824832745,32.0,14.0,1.7337524326539162,0.9622576372119408
1426,01_12_a0112156070000900031A,0.8333333333333334,0.3847955888850572,22.0,9.0,1.4163449034515243,0.8973338481357694
1427,01_12_a0112156070001200033A,0.6666666666666666,0.2693369200058851,35.0,14.0,1.4165591393956172,0.9378745149066988
1428,01_12_a0112156070001200044A,0.6666666666666666,0.6964537851881851,32.0,13.0,1.421040846534296,1.0921563685797882
1429,01_12_a0112156070002400024A,0.6666666666666666,0.25654511626859605,33.0,10.0,1.0020727990369978,0.7698841874687086
1430,01_12_a0112156070002400033A,0.6666666666666666,0.3106095197911634,35.0,14.0,1.4158755932992848,0.7609595212047061
1431,01_12_a0112156070002400033G,0.6666666666666666,0.16586997627032726,37.0,15.0,1.4149202746366731,0.7570438740773159
1432,01_12_a0112156070002400033H,0.3333333333333333,0.266615355162443,45.0,18.0,1.4160550438160453,0.7513229368547137
1433,01_12_a0112156070002400045B,0.5,0.06195802584832182,45.0,19.0,1.002844289808023,0.7416709221765146
1434,01_12_a0112156070002400053z,0.5,0.0603273467455146,51.0,22.0,1.0028704260636834,0.7842268388579984
1435,01_12_a0112156080000100025z,1.0,0.2980377495165334,16.0,0.0,1.0019317455279966,0.6834508516554479
1436,01_12_A0112156090000100019z,0.3333333333333333,0.7372299532080206,41.0,19.0,2.001044327035888,0.9876789168554578
1437,01_12_A0112156090000100024z,0.3333333333333333,0.7502109199340237,41.0,19.0,2.000777829318559,1.0148050512226403
1438,01_12_A0112156090000100031z,0.6666666666666666,0.5518710335207428,30.0,18.0,1.4177762398526026,0.914159244269362
1439,01_12_A0112156090000100040z,0.5,0.18953551588796907,41.0,18.0,1.4148418925135982,0.6732404951508575
1440,01_12_A0112156090000100043z,0.5,0.188156291414397,38.0,18.0,1.414729354451307,0.6413268271948235
1441,01_12_A0112156090000300024z,0.5,0.6486329382826475,41.0,18.0,1.7334696125396658,0.9905260048046484
1442,01_12_A0112156090000300035z,0.6666666666666666,0.6220076152852316,45.0,26.0,1.416456740689294,0.8674623086154796
1443,01_12_A0112156090000300042z,0.5,0.366879101965512,34.0,14.0,1.418025803742719,0.8235266203346985
1444,01_12_A0112156090000300045z,0.5,0.3744570123567216,38.0,17.0,1.4165655766009486,0.8338742964486222
1445,01_12_A0112156090000400019z,0.3333333333333333,1.1770120852020791,41.0,16.0,2.0013436755882257,1.2904050296347331
1446,01_12_A0112156090000400024z,0.5,0.813068581847004,36.0,21.0,1.7348275989136133,1.1177394257979008
1447,01_12_A0112156090000400035A,0.5,0.6168396566289007,31.0,17.0,1.7340468203904864,0.9140555754661496
1448,01_12_A0112156090000400035B,0.5,0.6186582547383437,31.0,17.0,1.7338916938285909,0.9129000193419716
1449,01_12_A0112156090000400042z,0.5,0.3388497138817761,32.0,15.0,1.414758581452145,0.6566563191470005
1450,01_12_a0112156090000500024z,0.5,0.7190236088365833,37.0,18.0,1.733769007443278,1.0680251291232297
1451,01_12_a0112156090000500031z,0.5,0.1664179940287882,27.0,18.0,1.4146645749485378,0.6377339095221356
1452,01_12_A0112156090000500045z,0.3333333333333333,0.3027283057774716,55.0,23.0,1.416768833408325,0.7682856381474895
1453,01_12_A0112156090000700024c,0.5,0.5089165921288015,32.0,13.0,1.7330357187803207,0.9474667656569408
1454,01_12_A0112156090000700032z,0.6666666666666666,0.2930750056425861,23.0,14.0,1.4149368413038008,0.6737393925507535
1455,01_12_A0112156090000700043z,0.5,0.3099795082642314,35.0,19.0,1.0006102380371689,0.7028246996548801
1456,01_12_A0112156090000800025z,0.5,0.7910380829771813,34.0,14.0,1.734835777464825,1.08103237542494
1457,01_12_A0112156090001200019z,0.3333333333333333,1.2102561266884446,41.0,16.0,2.0066953499492555,1.382478255297144
1458,01_12_A0112156090001200024z,0.5,0.7910380829771813,41.0,18.0,1.734994664468922,1.1153754120153043
1459,01_12_a0112156090001200035z,0.3333333333333333,0.6375114912542237,36.0,20.0,1.7337127318720944,0.965771026502782
1460,01_12_a0112156090001500025z,0.6666666666666666,0.7502109199340237,33.0,13.0,1.733386076980323,0.9230811287452936
1461,01_12_a0112156090002400022z,0.5,0.6466065530583731,35.0,15.0,2.0007149461188622,0.9396553128431334
1462,01_12_a0112156090002400024z,0.3333333333333333,0.6739031332687199,40.0,19.0,2.000831397157045,0.9967868609403892
1463,01_12_a0112156090002400032z,0.8333333333333334,0.6739031332687199,27.0,11.0,1.415897634493493,0.9385118240012938
1464,01_12_A0112156090002600029z,0.8333333333333334,0.2227815273479033,23.0,9.0,1.4144776852660033,0.6755725593401274
1465,01_12_A0112156090002800032z,0.6666666666666666,0.3410102667266289,43.0,26.0,1.4153750458737726,0.5899578685639102
1466,01_12_A0112156090002900024z,0.6666666666666666,0.462466750882539,32.0,13.0,1.7322685039549497,0.7996112312057259
1467,01_12_a0112156090003100024B,0.6666666666666666,0.6988864594094082,32.0,14.0,1.7329385239547046,0.9133557325910552
1468,01_12_A0112156090003100027z,0.6666666666666666,0.7190236088365833,30.0,14.0,1.7333900932280488,1.0065070262340108
1469,01_12_a0112156090003700031z,0.8333333333333334,0.30788350543328274,22.0,11.0,1.4154685880435902,0.6586561765351973
1470,01_12_a0112156090003700032z,0.6666666666666666,0.10200384949760084,27.0,12.0,1.4160682841432948,0.5093330856207188
1471,01_12_A0112156090003700041z,0.8333333333333334,0.4004612263828564,27.0,8.0,1.001390525950656,0.7445990045697762
1472,01_12_a0112156090004400031A,0.8333333333333334,0.3331009458420428,23.0,3.0,1.4147961872475003,0.6958899727729161
1473,01_12_A0112156090004600022z,0.6666666666666666,0.3939012253370965,26.0,10.0,1.7322304281353889,0.7052972837732367
1474,01_12_A0112156090004600032c,0.6666666666666666,0.2817378730048304,23.0,11.0,1.4149488577613702,0.7456399275991358
1475,01_12_A0112156090005000024z,1.0,0.08658686812278965,15.0,4.0,1.000183605091831,0.5721816314882252
1476,01_12_A0112156090005000032z,0.8333333333333334,0.17638270976345194,24.0,7.0,1.0015947259323057,0.6813117078871472
1477,01_12_A0112156090005100031z,0.8333333333333334,0.31790789291059673,20.0,9.0,1.415168749336337,0.6781085656475924
1478,01_12_A0112156090005100035z,0.6666666666666666,0.2927236245571573,31.0,11.0,1.415607769521054,0.7076549668431984
1479,01_12_a0112156090005300030A,0.6666666666666666,0.44883760861231786,37.0,11.0,1.0041230788163682,0.8100798713096314
1480,01_12_a0112156090005400031z,0.8333333333333334,0.2594212670119293,25.0,9.0,1.4155605873444008,0.7004253784613496
1481,01_12_a0112156090005600022z,0.8333333333333334,0.5258553220035778,23.0,15.0,1.4154743573179018,0.8602994258783083
1482,01_12_a0112156090007500024A,0.6666666666666666,0.11015221398358216,26.0,10.0,1.4152847522136662,0.5924338409990009
1483,01_12_a0112156090007500024B,0.6666666666666666,0.09488917651240276,34.0,14.0,1.4153207138541808,0.7943298129133184
1484,01_12_a0112156090007500033z,0.6666666666666666,0.3581097659588877,33.0,13.0,1.4163611127242983,0.9734457195320584
1485,01_12_A0112156095000100024z,0.6666666666666666,0.7476546101092729,32.0,14.0,1.7336580890832785,0.9779915606640563
1486,01_13_a0113121020000100020z,0.16666666666666666,0.6707174453249012,43.0,23.0,2.001867719608478,0.9757698751687623
1487,01_13_a0113121020000200022z,0.5,0.7372299532080206,34.0,14.0,1.7349852381242816,1.0223934930665504
1488,01_13_a0113121020000200024z,0.16666666666666666,0.7162199589316152,41.0,23.0,2.001517095572796,1.0162119850494635
1489,01_13_a0113121020000200027z,0.5,0.5804246049493142,28.0,13.0,1.7395688897721473,0.9592969550714224
1490,01_13_A0113121020000200032z,0.5,0.3820815392558836,30.0,14.0,1.7361511808984316,0.9480474142359776
1491,01_13_A0113121020000300025z,0.16666666666666666,0.7275751024617522,48.0,28.0,2.0018706760341893,1.0287552225840229
1492,01_13_A0113121020000300033z,0.6666666666666666,0.6393235719873829,34.0,17.0,1.4165479153697862,0.9634671308157016
1493,01_13_A0113121020000300043z,0.5,0.43436948744776815,28.0,11.0,1.4149129026180138,0.5379881065992036
1494,01_13_A0113121020000400024z,0.8333333333333334,0.627297550958704,25.0,5.0,1.4154865475099396,0.9376098849270096
1495,01_13_A0113121020000400033z,1.0,0.3052918191861383,20.0,6.0,1.0009880223911936,0.767015795448665
1496,01_13_A0113121020000400043z,0.8333333333333334,0.4486348281314597,27.0,11.0,1.0019134376425072,0.8332088501792975
1497,01_13_A0113121020001300024z,0.8333333333333334,0.6246339713404987,21.0,3.0,1.4152668021741712,0.911951892220326
1498,01_13_A0113121020001300032B,0.8333333333333334,0.06774228145983696,21.0,7.0,1.4149890970556993,0.6097029409429652
1499,01_13_A0113121020001900010z,0.3333333333333333,0.9665930976451972,47.0,20.0,2.0075810702226837,1.3007379802380907
1500,01_13_A0113121020001900015B,0.3333333333333333,1.0693032581878608,45.0,20.0,2.009812882246621,1.4352298880229175
1501,01_13_A0113121020002100025z,0.8333333333333334,0.15766871982690367,25.0,10.0,1.4145321373009336,0.6472268170092419
1502,01_13_A0113121020002100031A,0.6666666666666666,0.12462444313701647,24.0,6.0,1.415988244272982,0.6847416649992011
1503,01_13_A0113121020002100031B,0.6666666666666666,0.11675066510710512,23.0,10.0,1.4160115674109464,0.6893939137522528
1504,01_13_A0113121020002100042z,0.5,0.18060302857610128,33.0,17.0,1.4152097523381653,0.7138560021724586
1505,01_13_a0113121020002200024z,0.8333333333333334,0.36503586103838864,18.0,5.0,1.4155461972915109,0.7810272950555495
1506,01_13_a0113121020002200043z,0.8333333333333334,0.2031763920072525,28.0,11.0,1.0022250295954336,0.7111975692836084
1507,01_13_a0113121020004100024B,0.6666666666666666,0.5433021875939423,32.0,17.0,1.418041039092355,1.021189134221434
1508,01_13_a0113121020004100024z,0.6666666666666666,0.7497715252391692,32.0,18.0,1.4206465227972742,1.100021162515772
1509,01_13_a0113121020004100034z,0.6666666666666666,0.11667361875602035,36.0,18.0,1.416047791531614,0.592394605775683
1510,01_13_A0113121030000300025z,0.6666666666666666,0.7602261793249929,23.0,10.0,1.7360512664746846,1.0155022856599596
1511,01_13_A0113121030000300033z,0.6666666666666666,0.6448946026280515,35.0,17.0,1.4161761163072903,0.9731203547736954
1512,01_13_A0113121030000300043z,0.5,0.3350035486505405,33.0,19.0,1.4226788354150932,0.7410221000693564
1513,01_13_A0113121030000700025z,0.8333333333333334,0.6216520709357087,21.0,5.0,1.4152366240250935,0.90879170127949
1514,01_13_A0113121030000700033z,0.8333333333333334,0.5197558027473401,22.0,7.0,1.4153042605279231,0.8761833073584411
1515,01_13_A0113121030000700042z,0.5,0.4300390168932509,33.0,17.0,1.4151681725439136,0.7881870717720173
1516,01_13_A0113121030000800023z,0.5,0.6776276565925068,32.0,17.0,1.7331047601662584,0.8987888324065904
1517,01_13_A0113121030000800032z,0.6666666666666666,0.6002972659588877,28.0,15.0,1.4153925241710419,0.9194022505525632
1518,01_13_A0113121030000800043z,0.5,0.3165008876134315,37.0,19.0,1.4146216187331957,0.7322963420704682
1519,01_13_A0113121030001400024A,0.8333333333333334,0.15569043128256982,19.0,11.0,1.4147760760411945,0.7040606553354378
1520,01_13_A0113121030001400024B,1.0,0.0,0.0,0.0,1.0,0.3333333333333333
1521,01_13_A0113121030001400024C,0.8333333333333334,0.4140666504038597,18.0,3.0,1.4142906981383327,0.6653355980882296
1522,01_13_A0113121030001400031z,0.6666666666666666,0.28593141700492203,26.0,12.0,1.4148883234672995,0.6088622038593317
1523,01_13_A0113121030001400041z,0.6666666666666666,0.2809199528457544,33.0,12.0,1.0006382489201444,0.6723431047977045
1524,01_13_A0113121040000100032z,0.6666666666666666,0.09974253972882474,28.0,15.0,1.4170973559219575,0.671873487897166
1525,01_13_A0113121040000100042z,0.5,0.2160496477282328,31.0,17.0,1.4146665881221931,0.7584183738536563
1526,01_13_A0113121040000100050z,0.5,0.1949218326075008,35.0,15.0,1.4147281207722908,0.7547911112576106
1527,01_13_A0113121040000200024z,0.16666666666666666,0.6413295082034921,46.0,23.0,2.0013450176511665,0.9307548636903504
1528,01_13_A0113121040000200030z,0.5,0.6582678156668438,35.0,16.0,1.7340284740423,1.0400854624619889
1529,01_13_a0113121040000200056z,0.5,0.3371737184244916,44.0,19.0,1.4146891966886208,0.8700050114708081
1530,01_13_A0113121040000300024z,0.16666666666666666,0.6715089713404987,47.0,30.0,2.0018625517338275,0.9295528227815624
1531,01_13_A0113121040000300029a,0.16666666666666666,0.6627610719873829,51.0,32.0,2.0015986913721093,0.974806205309152
1532,01_13_A0113121040000300034z,0.3333333333333333,0.6254308922468419,48.0,31.0,1.7337409021800754,0.9264205323263532
1533,01_13_A0113121040000300042z,0.3333333333333333,0.16917464772823282,52.0,22.0,1.4161740096937854,0.7011467596073608
1534,01_13_A0113121040000300048z,0.3333333333333333,0.21297301588796907,36.0,18.0,1.416789460257169,0.6620548341661449
1535,01_13_A0113121040000300054z,0.3333333333333333,0.3384838998211091,64.0,34.0,1.4177158175922115,0.7189762205071022
1536,01_13_A0113121040000500024z,0.5,0.789631081847004,28.0,13.0,1.7342792038504562,1.0804288745133384
1537,01_13_A0113121040000500033z,0.8333333333333334,0.6292696026280515,29.0,5.0,1.4161093539822214,0.961206870763162
1538,01_13_A0113121040000500042z,0.6666666666666666,0.4552573739485618,24.0,11.0,1.4156763867903952,0.7743626484315249
1539,01_13_a0113121040001400034A,0.6666666666666666,0.21343301927616806,33.0,12.0,1.00128065015206,0.7520107452199505
1540,01_13_a0113121040001400046z,0.6666666666666666,0.5262505258837258,41.0,14.0,1.0098056479446085,0.9116555285047784
1541,01_13_A0113121050000100026z,0.5,0.7352707091804804,36.0,16.0,1.7334864532352685,0.9674325083001676
1542,01_13_A0113121050000100033z,0.8333333333333334,0.6448646875939423,23.0,5.0,1.4157475877777577,0.947878767135522
1543,01_13_A0113121050000100043z,0.6666666666666666,0.3055471331979018,27.0,11.0,1.4150448131496531,0.7076200032945935
1544,01_13_A0113121070000500050A,0.6666666666666666,0.4322528628766151,34.0,14.0,1.0025314247273105,0.7502170935115908
1545,01_13_a0113121070000600024A,0.3333333333333333,0.6209986099244387,34.0,15.0,2.001199215499278,0.9818807629711728
1546,01_13_a0113121070000600024B,0.8333333333333334,0.7223535040318831,19.0,9.0,1.4171933069839742,0.962106308001192
1547,01_13_a0113121070000600031z,0.8333333333333334,0.2850262463634557,21.0,5.0,1.4151480454837435,0.7960288543659808
1548,01_13_a0113121070000600041z,0.6666666666666666,0.31099716242057857,25.0,17.0,1.002415342119137,0.7013735444440133
1549,01_13_a0113121070001000023A,0.5,0.26197833301948964,31.0,12.0,1.7322755768010416,0.7664164616332902
1550,01_13_a0113121070001000023B,1.0,0.6902511719008813,18.0,4.0,1.0020818857467808,0.9053395674467004
1551,01_13_A0113121070001000032z,0.8333333333333334,0.3324719895952967,30.0,6.0,1.4152793870508544,0.7472430555883085
1552,01_13_a0113121090000300034z,0.6666666666666666,0.6263661301886527,31.0,17.0,1.415690687003251,0.8601181190033379
1553,01_13_A0113121090000500021z,0.3333333333333333,0.6715583114169759,37.0,17.0,2.002016318067599,0.8997007306508801
1554,01_13_A0113121090000500025z,0.3333333333333333,0.677018613213777,38.0,19.0,2.001644969432426,0.9103457774318616
1555,01_13_A0113121090000600025z,0.6666666666666666,0.6305459817609085,28.0,14.0,1.7324973937235846,0.9578021535930876
1556,01_13_A0113121090000600032z,0.8333333333333334,0.5992959817609085,22.0,11.0,1.4154243150825103,0.9384982122793892
1557,01_13_A0113121090000600042z,0.6666666666666666,0.3179646868911819,27.0,13.0,1.4148369575308546,0.7013832669099416
1558,01_13_A0113121090000800032z,0.5,0.177724940519784,35.0,20.0,1.4170535226886958,0.7388941034415958
1559,01_13_A0113121090000800041z,0.5,0.2769909479913854,33.0,9.0,1.0003333020700844,0.7190553695985556
1560,01_13_A0113121090000900029z,0.6666666666666666,0.8690040723032662,30.0,15.0,1.417434277327024,1.0623639208420304
1561,01_13_A0113121090000900032z,0.8333333333333334,0.6592996049493143,23.0,5.0,1.41599964681627,0.9268741191777072
1562,01_13_A0113121110000200025z,0.5,0.4057128112603141,33.0,19.0,1.7321690027227945,0.7214167929861832
1563,01_13_a0113121110000400034A,0.6666666666666666,0.2368073770326677,26.0,11.0,1.4148436456960125,0.5759200069208503
1564,01_13_A0113121110000800033z,0.8333333333333334,0.15975793828264756,22.0,9.0,1.4149000444200013,0.651093649532469
1565,01_13_A0113121110000800045z,0.5,0.1793909543147117,32.0,20.0,1.41445159060989,0.7129531357654736
1566,01_13_A0113121110001000032z,1.0,0.11675066510710512,11.0,6.0,1.001840311401313,0.6433984632394955
1567,01_13_A0113121110001100032z,1.0,0.17940475780927473,14.0,0.0,1.001622653336319,0.6652721812489516
1568,01_13_a0113121110001200032z,1.0,0.17178198637883996,14.0,0.0,1.0016015923639188,0.6536744499829016
1569,01_13_a0113121120000300026z,0.6666666666666666,0.6819135110380654,32.0,14.0,1.7339268624250717,0.9830055108091366
1570,01_13_a0113121120000300045z,0.5,0.4897884260875257,33.0,19.0,1.4155248798982367,0.8672520584350544
1571,01_13_A0113121130000100031A,1.0,0.13266066294803952,16.0,0.0,1.000527151328544,0.697747233331547
1572,01_13_A0113121130000100031B,1.0,0.3672388920072525,15.0,0.0,1.0017554098832704,0.7548196823327485
1573,01_13_A0113121130000100032z,0.8333333333333334,0.2703069874477681,24.0,9.0,1.4161609399315844,0.6590301754979502
1574,01_13_A0113121130000100043z,0.8333333333333334,0.34853380517302784,21.0,11.0,1.0030410522548092,0.7484571032620634
1575,01_13_A0113121130000100051z,0.6666666666666666,0.5605157720701135,29.0,12.0,1.0062284586423202,0.9008130446374796
1576,01_13_a0113121140000200026z,0.5,0.512739260121728,32.0,17.0,1.7326412520866652,0.7753752371581469
1577,01_13_a0113121140000300023z,0.5,0.6270544499105546,32.0,18.0,1.7327110196173958,0.9919779214125038
1578,01_13_a0113121140000300024A,0.8333333333333334,0.477527611730185,29.0,9.0,1.4147650336953388,0.8649882304424265
1579,01_13_a0113121140000300024B,0.5,0.6342194265333003,32.0,18.0,1.7329013880702924,0.9991047225838456
1580,01_13_a0113121140000300032z,0.8333333333333334,0.2638462841473092,25.0,3.0,1.0023393873377795,0.7528361243344729
1581,01_13_a0113121140000300040z,0.8333333333333334,0.3207463468039508,30.0,8.0,1.0028246552229312,0.8146871936405408
1582,01_13_A0113121160000500055z,0.5,0.4642515797218536,63.0,25.0,1.0034497093070096,0.8089682603166756
1583,01_13_A0113121190000300024z,0.5,0.698707866236538,25.0,13.0,1.73278374676738,0.9598967003228625
1584,01_13_A0113121190000300033z,0.8333333333333334,0.3753060940203525,27.0,9.0,1.4153390494777145,0.8735094198754141
1585,01_13_A0113121190000600031z,0.8333333333333334,0.3846737755191815,32.0,7.0,1.003037952655579,0.8838169526777163
1586,01_13_A0113121190000600041z,0.5,0.3272207832932633,38.0,16.0,1.4150088593534482,0.7301967491144489
1587,01_13_A0113121190000700032A,0.6666666666666666,0.12069543828264755,21.0,6.0,1.4147926603282592,0.7002569536021809
1588,01_13_a0113121190001100030B,1.0,0.3350332832932633,24.0,0.0,1.0017883237456815,0.7158648177998423
1589,01_13_a0113121190001100033A,0.8333333333333334,0.3422598792764364,27.0,3.0,1.0019815116780777,0.7405469695750098
1590,01_13_A0113121210000700014A,0.3333333333333333,1.04922553087524,47.0,20.0,2.0083353588840245,1.3917577426541914
1591,01_13_A0113121210000700017E,0.3333333333333333,0.5021910248430119,38.0,20.0,2.002310391014156,0.8285426385757928
1592,01_13_A0113121210000700023C,0.3333333333333333,0.3970882797887771,39.0,24.0,2.005332856126582,0.8869042826562406
1593,01_13_a0113121220001200031D,0.8333333333333334,0.3121366279069767,21.0,3.0,1.4148103306898672,0.5725396565767715
1594,01_13_a0113121220001200031E,0.8333333333333334,0.6566413614632405,22.0,5.0,1.4164609796716163,0.9638508940811892
1595,01_13_a0113121220001200031F,0.8333333333333334,0.5485869612711534,22.0,5.0,1.4162198972987086,0.8776829561111178
1596,01_13_A0113121230001400041z,0.5,0.23940361954785436,34.0,17.0,1.4150114150592363,0.7847437601460491
1597,01_13_A0113121230001900032z,0.8333333333333334,0.3682846204172184,19.0,7.0,1.0019240559912759,0.7343897406583115
1598,01_13_A0113121230002000024z,0.8333333333333334,0.15557719503940431,19.0,3.0,1.4142639606245744,0.6528719394211702
1599,01_13_A0113121240000600022z,0.6666666666666666,0.7413577517154835,24.0,14.0,1.4154334827762187,0.9741994911422394
1600,01_13_A0113121240000600029z,0.8333333333333334,0.5882341979725699,31.0,11.0,1.0036514761205373,0.9415143602718596
1601,01_13_A0113121240000600034z,0.5,0.3398464906440439,37.0,16.0,1.0010757254708855,0.7448939082578518
1602,01_13_A0113121240000600038z,0.5,0.34356136770610685,37.0,16.0,1.000706526473125,0.7425761635987449
1603,01_13_A0113121250000200025z,0.5,0.6819850509587039,36.0,16.0,1.7331090109897682,0.9712483490824612
1604,01_13_A0113121250000200033z,0.6666666666666666,0.6270178156668438,29.0,14.0,1.4174861423166192,0.962052372080468
1605,01_13_a0113121250000600025z,0.5,0.6186582547383437,36.0,17.0,1.733781749053065,0.8916970627247468
1606,01_13_A0113121250001000034z,0.8333333333333334,0.4669712841473092,28.0,9.0,1.4150280137771287,0.8724557415265795
1607,01_13_a0113121250001100025z,0.8333333333333334,0.7044205489021167,27.0,9.0,1.415637013161343,0.9990352684173724
1608,01_13_A0113121250001100035A,0.8333333333333334,0.3262757954255047,21.0,11.0,1.4153586161683205,0.715832670988261
1609,01_13_A0113121250001800025z,0.8333333333333334,0.5939535576179951,19.0,5.0,1.4163018775899177,0.9297092208740291
1610,01_13_a0113121250002300023z,0.8333333333333334,0.4064377138912655,18.0,9.0,1.4154684284546892,0.6720627403994509
1611,01_13_a0113121250002300032z,0.6666666666666666,0.24313476500498585,26.0,6.0,1.4149458854432786,0.7152716674198172
1612,01_13_a0113121260000500024z,0.6666666666666666,0.7398187789906121,23.0,12.0,1.7378217888413334,1.0009316497526803
1613,01_13_a0113121260000500034z,0.6666666666666666,0.6571606427681358,23.0,12.0,1.4157335319450506,0.9378411255557656
1614,01_13_a0113121260000500043z,0.5,0.4966824564839323,40.0,21.0,1.4158748760596862,0.8738921286235302
1615,01_13_A0113121260000700031z,0.8333333333333334,0.6473686331055359,21.0,9.0,1.41596431072054,0.8930534536708956
1616,01_13_A0113121260000700032B,1.0,0.2852945544442637,10.0,0.0,1.0009087233926588,0.4293903095656844
1617,01_13_A0113121260000700049z,0.6666666666666666,0.15627100325439894,21.0,9.0,1.4149514677510988,0.5792623181379406
1618,01_13_a0113121260000900025z,0.6666666666666666,0.6691669982281516,32.0,14.0,1.7328370497740595,0.8997978760172632
1619,01_13_a0113121260000900032z,0.8333333333333334,0.6246549069474976,23.0,5.0,1.4158670669985154,0.9253454571639528
1620,01_13_a0113121260001000027B,1.0,0.3561285646934828,20.0,2.0,1.0008040492721908,0.8087278058267481
1621,01_13_A0113121260001100023A,0.6666666666666666,0.6539662716159809,31.0,13.0,1.7325870643220365,0.9396101345882338
1622,01_13_A0113121260001100023B,0.5,0.6202371049493143,32.0,16.0,1.732425604050941,0.8685592263066723
1623,01_13_A0113121260001200024z,0.8333333333333334,0.1246543737354414,22.0,3.0,1.414922322884163,0.6434176934269967
1624,01_13_a0113121260001200032A,0.8333333333333334,0.16377975780927473,26.0,3.0,1.0029110064317397,0.7014133640668515
1625,01_13_a0113121260001200032B,0.8333333333333334,0.4955098281314597,20.0,11.0,1.4146137180823328,0.8098704899173916
1626,01_13_a0113121270000100025B,0.8333333333333334,0.11832667651240275,17.0,7.0,1.4146968629489636,0.6617690937635604
1627,01_13_a0113121270000400033A,0.6666666666666666,0.14264872638285636,31.0,16.0,1.4151374446386416,0.7476125471561318
1628,01_13_a0113121270000400033C,0.6666666666666666,0.1956716093066127,28.0,10.0,1.4147728984276218,0.7700303257357388
1629,01_13_a0113121270000400033D1,0.6666666666666666,0.3441870370606516,25.0,10.0,1.4154761469255412,0.7050267515954782
1630,01_13_A0113121270000400040A,0.8333333333333334,0.2587913362870821,25.0,3.0,1.4154322754823303,0.7172207558850265
1631,01_13_a0113121270000600040A,0.6666666666666666,0.13819673227850676,32.0,16.0,1.4155344575186228,0.7790060222839684
1632,01_13_a0113121270000700033A,0.6666666666666666,0.1354744987922017,32.0,12.0,1.4153377017954394,0.7479045060662136
1633,01_13_a0113121270000700033B2,0.6666666666666666,0.350269180252669,27.0,6.0,1.4155539560858763,0.6269710728809511
1634,01_13_a0113121270000700033D1,0.6666666666666666,0.3417038697601636,25.0,10.0,1.4154563752247626,0.7063429203839416
1635,01_13_a0113121270001600024A,0.6666666666666666,0.2867821620513842,22.0,11.0,1.4154121716232533,0.6523960297009054
1636,01_13_a0113121270001600034A,0.8333333333333334,0.11355121730505086,25.0,11.0,1.4152614968712247,0.6743039190449237
1637,01_13_a0113121270001600034B,0.8333333333333334,0.2028550467261708,16.0,9.0,1.0018321024026735,0.7365243467085056
1638,01_13_a0113121270001800035A,0.5,0.13904071429114012,43.0,18.0,1.4164603770127728,0.8028967316290128
1639,01_14_a0114120040000500012z,0.5,1.1543073568872986,37.0,17.0,2.0079758186385903,1.3094400657919736
1640,01_14_A0114120040000500022B,0.6666666666666666,0.2776027040570261,26.0,11.0,1.7323439133065914,0.6803787097905135
1641,01_14_A0114120040000500023A,0.8333333333333334,0.6668755258837258,29.0,9.0,1.4151493360870393,0.9172738247831376
1642,01_14_A0114120040000500034A,1.0,0.16008657116983688,16.0,6.0,1.0007044799706015,0.7113520189255733
1643,01_14_A0114120070000100029z,0.6666666666666666,0.6193630739415623,28.0,11.0,1.4176296094461678,0.9238683765639027
1644,01_14_A0114120070000100032z,0.6666666666666666,0.6276746049493143,26.0,12.0,1.416167623136906,0.9419375125830258
1645,01_14_A0114120070000100040z,0.8333333333333334,0.19872941886517187,21.0,9.0,1.0010452188720171,0.6448229413079417
1646,01_14_A0114120080000100024z,0.5,0.6638491639093884,32.0,16.0,1.7339089695629697,0.9779368277877909
1647,01_14_A0114120080000100038z,0.6666666666666666,0.2848633091882352,27.0,11.0,1.4148891591825148,0.7204138358577804
1648,01_14_A0114120080000200025z,0.5,0.7440947119829533,35.0,15.0,2.0016392617941468,1.0207744697845
1649,01_14_A0114120090000100029z,0.6666666666666666,0.4301213468039508,28.0,11.0,1.4167506592040042,0.9381397499165078
1650,01_14_A0114120090000100032z,0.6666666666666666,0.511220534190576,37.0,11.0,1.416024198781255,0.9342614869730528
1651,01_14_A0114120090000200036z,0.6666666666666666,0.3450719589639128,24.0,12.0,1.416149319655341,0.8676981948016241
1652,01_14_A0114120090000300025z,0.16666666666666666,0.7044715549973449,35.0,22.0,2.0012636364353638,0.939637876237364
1653,01_14_A0114120094000100025z,0.6666666666666666,0.6850451945500571,31.0,13.0,1.7326592162709535,0.8772091752529273
1654,01_14_A0114120094000100032z,0.8333333333333334,0.5850941724598628,27.0,11.0,1.4150330006048877,0.9005923308512693
1655,01_14_A0114120094000100043z,0.6666666666666666,0.3243570544442637,27.0,11.0,1.414615327112677,0.7172386144223888
1656,01_14_A0114120100000700024z,0.3333333333333333,0.7502109199340237,38.0,19.0,2.001304953564475,0.998773128668047
1657,01_14_A0114120100000700031n,0.6666666666666666,0.6124088287839669,27.0,8.0,1.4179771793862583,0.9218418731870676
1658,01_14_A0114120100000700031s,0.6666666666666666,0.3737509125215234,30.0,11.0,1.417016390870094,0.9058139446241152
1659,01_14_A0114120100000700041z,0.5,0.3009195544442637,46.0,18.0,1.4147224546610488,0.7562367638075809
1660,01_14_A0114120100001300034z,0.6666666666666666,0.13054814528901698,28.0,13.0,1.4158371403475896,0.7168003003631431
1661,01_14_A0114120100001300052z,0.5,0.12283338585298005,29.0,21.0,1.4160413534311926,0.7360861621840962
1662,01_14_a0114120100002600050C,0.6666666666666666,0.316023226932354,28.0,21.0,1.4206396176882912,0.7463473940779339
1663,01_14_A0114120110000100025z,0.5,0.7202068689611136,37.0,19.0,1.7333180541360422,0.9536606525046926
1664,01_14_A0114120110000100026z,0.5,0.34916342608752565,33.0,12.0,1.7325108132577696,0.8883346778757355
1665,01_14_A0114120110000100033z,0.6666666666666666,0.6820565898861461,22.0,14.0,1.4192285533796332,0.9636668289972844
1666,01_14_A0114120110000100042z,0.5,0.27915732575996155,33.0,16.0,1.414673323778456,0.7183123534777491
1667,01_14_A0114120110000200025z,0.5,0.7502109199340237,30.0,16.0,1.733491483773357,0.9663098792738962
1668,01_14_A0114120110001600052z,0.3333333333333333,0.2622099069733497,41.0,21.0,1.4161147031991232,0.7042531952972972
1669,01_14_a0114120113000100032B,0.6666666666666666,0.2925574762251245,26.0,12.0,1.4152310176138616,0.692365107005226
1670,01_14_A0114120120000200024z,0.6666666666666666,0.8225954818366545,25.0,14.0,1.7354017812176554,1.0618562405603893
1671,01_14_A0114120120000200033A,0.8333333333333334,0.2159457310226944,24.0,8.0,1.4143976588386755,0.7031003744312437
1672,01_14_A0114120120000200043A,0.6666666666666666,0.43952813326872,23.0,19.0,1.4154362849231077,0.8158462684606889
1673,01_14_A0114120120001000033z,0.8333333333333334,0.23663599202857594,26.0,8.0,1.4173183350048928,0.7109690021168635
1674,01_14_A0114120120001300047z,0.5,0.2031462139389722,26.0,21.0,1.4178028212928042,0.7404997746233873
1675,01_14_A0114120130000200029z,0.6666666666666666,0.4809432243861898,28.0,11.0,1.4162850801181104,0.9552009076446916
1676,01_14_A0114120130000200032z,0.6666666666666666,0.5722955888850572,33.0,13.0,1.4208937616402328,0.912617382783758
1677,01_14_A0114120130000200042z,0.5,0.486870519276168,38.0,13.0,1.0033687114492604,0.7546761975476171
1678,01_14_a0114120130000300027B,0.5,0.7312598039542892,33.0,17.0,1.7334534320109056,0.9678604847626554
1679,01_14_a0114120130000300033z,0.6666666666666666,0.643806510706046,32.0,16.0,1.416461571205929,0.9469010069828588
1680,01_14_a0114120130000300042z,0.3333333333333333,0.35909225780927473,44.0,21.0,1.4155215810329511,0.5424525996492262
1681,01_14_a0114120130000900026z,0.6666666666666666,0.7998672617149909,31.0,14.0,1.7350155506339924,1.0755173122897053
1682,01_14_a0114120130000900034z,0.5,0.5819341431019247,31.0,16.0,1.732680723226068,0.958292801301257
1683,01_14_a0114120130000900037B,0.8333333333333334,0.3629940041305152,21.0,9.0,1.4148410007778258,0.7110714904845337
1684,01_14_A0114120130001400030z,0.8333333333333334,0.3163420777938492,16.0,7.0,1.414988344112739,0.7220781952594802
1685,01_14_A0114120130001400031N,0.8333333333333334,0.5399239765657102,22.0,5.0,1.416367419860897,0.8809956240728509
1686,01_14_A0114120130001400031S,0.8333333333333334,0.5440388117766235,22.0,5.0,1.4165348850386352,0.8752238182058919
1687,01_14_A0114120130001600033A,0.8333333333333334,0.2379110914358007,22.0,8.0,1.414474427373277,0.5981462788674031
1688,01_14_A0114120130001600033B,0.8333333333333334,0.6317436331055359,21.0,7.0,1.4164341440381378,0.9334288998328724
1689,01_14_A0114120190000100024z,0.5,0.7638429696306099,34.0,17.0,1.7335521187265628,0.983552326986334
1690,01_15_A0115137030000300025z,0.5,0.7280193689611136,33.0,15.0,1.7336124219956477,0.9283316514177912
1691,01_15_A0115137030000500022z,0.3333333333333333,0.6254308922468419,38.0,21.0,2.0007720986013022,0.8828954413663188
1692,01_15_A0115137030000500025z,0.6666666666666666,0.4990957832932633,26.0,13.0,1.7326143399269929,0.7633091594999242
1693,01_15_A0115137030000500030z,0.5,0.5596774347697671,42.0,18.0,1.7332009688166483,0.8596778710698987
1694,01_15_A0115137030000500035z,0.3333333333333333,0.4372696205256382,41.0,24.0,1.7326534803576048,0.8670352535617663
1695,01_15_A0115137030000500045z,0.5,0.4610480184429682,38.0,18.0,1.4157878258729568,0.8425224719304705
1696,01_15_A0115137030000600017z,0.3333333333333333,1.1729120080500894,42.0,16.0,2.000793784429126,1.2379021919949968
1697,01_15_A0115137030000600047z,0.5,0.3042192951414945,48.0,21.0,1.0035185272385791,0.7531313532158059
1698,01_15_A0115137030000800027z,0.3333333333333333,0.2447338998211091,37.0,26.0,1.733303369196293,0.7705200970985837
1699,01_15_A0115137030000800031z,0.5,0.24451300585021515,41.0,18.0,1.4156487711987769,0.7500404330283437
1700,01_15_A0115137030000900017z,0.3333333333333333,1.2332784696836137,41.0,16.0,2.000968935036402,1.282564181002445
1701,01_15_A0115137030000900025z,0.5,0.7252896547005581,33.0,15.0,1.7337030887751474,0.9347143172529301
1702,01_15_A0115137030000900035z,0.3333333333333333,0.5187171954888561,47.0,34.0,1.7328973835765524,0.7915586060993448
1703,01_15_A0115137030001300048z,0.5,0.21851097226323007,52.0,26.0,1.4156582143588754,0.8656326040869463
1704,01_15_A0115137030001500033z,0.5,0.5789409202103584,32.0,19.0,1.7336855388814352,0.8987747532126192
1705,01_15_A0115137030001500035z,0.3333333333333333,0.4041755257596273,42.0,22.0,1.732367772522928,0.8759614003691238
1706,01_15_A0115137030001500045z,0.3333333333333333,0.35928198637884,46.0,22.0,1.0022387948760338,0.7345376001138038
1707,01_15_A0115137030001500052z,0.3333333333333333,0.26896706779432483,67.0,37.0,1.003965627668531,0.7860231195723676
1708,01_15_A0115137030001800035z,0.3333333333333333,0.5142826056884124,37.0,20.0,1.732728665966552,0.7797872228813207
1709,01_15_A0115137030001800046z,0.5,0.2926614577001233,46.0,23.0,1.0040745851486197,0.7418810558785633
1710,01_15_A0115137030001900025z,0.5,0.7159989325189589,33.0,15.0,1.7335073251764936,0.9254563132631436
1711,01_15_A0115137030002300017z,0.3333333333333333,1.2390374949328935,41.0,16.0,2.001114576402584,1.288244572491978
1712,01_15_A0115137030002300027z,0.5,0.8084244692272731,33.0,15.0,1.7350265561758078,0.9853213185169462
1713,01_15_A0115137030002500036z,0.5,0.5690451162685961,34.0,13.0,1.7331616478025735,0.95674588546049
1714,01_15_A0115137030003800040z,0.6666666666666666,0.4658642601217281,34.0,19.0,1.0033571634086456,0.7961087121892724
1715,01_15_A0115137030004600029z,0.5,0.3939390797218536,29.0,19.0,1.733450376789052,0.9343272078991144
1716,01_15_A0115137030004600039z,0.6666666666666666,0.3619566239649741,32.0,9.0,1.4168188918947402,0.8881288720445005
1717,01_15_A0115137030005200027z,0.5,0.8084244692272731,33.0,15.0,1.735016516108042,0.9832147400736962
1718,01_15_a0115137030005900058z,0.6666666666666666,0.2501624394991925,38.0,21.0,1.0030956927655341,0.851012479027681
1719,01_15_A0115137030006200015A,0.5,0.914197513928404,43.0,19.0,2.002512760207077,1.1721852508097803
1720,01_15_A0115137030006200015B,0.5,1.0072402257320403,41.0,18.0,2.0036131009701226,1.2260291747603598
1721,01_15_A0115137030006600050z,0.8333333333333334,0.15737306986159488,28.0,11.0,1.001882792454902,0.6697379246903811
1722,01_15_A0115137030007700031z,0.8333333333333334,0.19495271145819001,19.0,9.0,1.0021071367168737,0.6758746696645839
1723,01_15_A0115137030008200019A,0.5,0.6917201889948983,29.0,12.0,2.0020243983885773,0.9805942250577532
1724,01_15_A0115137030008200019B,0.5,0.5979699635991031,31.0,15.0,2.0019772393631774,0.9178754546916078
1725,01_15_A0115137030008200023z,0.5,0.3170843996605181,25.0,11.0,1.732245835852395,0.7263144622534089
1726,01_15_A0115137040000200024z,0.5,0.5643612755191816,32.0,14.0,1.7338810663692787,0.9287647983032372
1727,01_15_A0115137040000400034z,0.5,0.5675286195478544,41.0,22.0,1.7326875905038912,0.9891217289824701
1728,01_15_a0115137040002200033z,0.6666666666666666,0.2409188838785025,30.0,15.0,1.4145606715299233,0.7381766694573267
1729,01_15_A0115137040004500024z,0.16666666666666666,0.7162372960808128,50.0,33.0,2.00176557408619,1.0847291273421278
1730,01_15_A0115137040004500029z,0.5,0.6535419982281516,42.0,21.0,1.7341595552218436,1.0299751725909678
1731,01_15_A0115137040004600027z,0.5,0.8379038412926809,36.0,19.0,1.7339747913769026,1.0158593890500782
1732,01_15_a0115137040007100066z,0.3333333333333333,0.4447986187560203,46.0,27.0,1.4148167660578872,0.8351893565005543
1733,01_15_a0115137040009600025A,0.6666666666666666,0.24093841252152345,29.0,11.0,1.7360195401384788,0.7481744342099184
1734,01_15_a0115137040009600035A,0.6666666666666666,0.29054799569392104,25.0,14.0,1.4153142764071998,0.7517756056327373
1735,01_15_a0115137040009600050A,0.5,0.3630227593117303,37.0,15.0,1.4157185896165898,0.8232808959520629
1736,01_15_a0115137040009600060A,0.3333333333333333,0.38957115667345216,42.0,17.0,1.416236385435603,0.8468555395924953
1737,01_15_a0115137040009600070A,0.3333333333333333,0.4067000623876595,41.0,17.0,1.4164832291255869,0.8821666335586579
1738,01_15_a0115137040009600091A,0.3333333333333333,0.5405332547383437,55.0,30.0,1.0023775532518042,0.986541626122917
1739,01_15_a0115137040009700044T1,0.5,0.2735999394991925,38.0,17.0,1.0019989908247064,0.7771710428942319
1740,01_15_a0115137040009700044T2,0.6666666666666666,0.2816838468039508,48.0,25.0,1.0014093367206032,0.8729895037483679
1741,01_15_a0115137040010600026A,0.6666666666666666,0.4359017291323208,31.0,13.0,1.4161695061888149,0.9510027181603798
1742,01_15_a0115137040010600026B,0.6666666666666666,0.3871225430054402,34.0,17.0,1.4158859084848423,0.9013654297278381
1743,01_15_a0115137040010600034A,0.6666666666666666,0.1194240250064163,28.0,13.0,1.4160125528943808,0.7965815509763421
1744,01_15_a0115137040010600057z,0.6666666666666666,0.44780308570279503,53.0,23.0,1.0029808142945498,0.918241335085028
1745,01_15_A0115137060000200035z,0.5,0.5757396380345086,33.0,17.0,1.7333968106370932,0.8857253970916438
1746,01_15_a0115137060000500024z,0.6666666666666666,0.4771181562882806,30.0,13.0,1.7323347893894987,0.7966715645799243
1747,01_15_A0115137060000700032z,0.8333333333333334,0.560851300565526,20.0,7.0,1.4190591901147882,0.9028882877254204
1748,01_15_A0115137060000900029z,0.5,0.6326329382826477,35.0,17.0,1.7330931700671817,0.9574384729757062
1749,01_15_A0115137060000900050z,0.3333333333333333,0.451511591727324,39.0,15.0,1.41653798978137,0.7918539952307907
1750,01_15_A0115137060001000026z,0.3333333333333333,0.6932526565925068,35.0,16.0,2.0017801321756994,1.0020040971801472
1751,01_15_A0115137060001000038z,0.5,0.508468791414397,33.0,12.0,1.732204058214898,0.8285735525415623
1752,01_15_a0115137060001400025C,0.3333333333333333,0.7050987615454873,32.0,15.0,2.001066499263598,1.0027766229455737
1753,01_15_a0115137060001400025z,0.16666666666666666,0.7196298801786719,44.0,28.0,2.002128438362054,0.9908644127514504
1754,01_15_a0115137060001400033z,0.8333333333333334,0.32708792551991184,21.0,9.0,1.415182617165179,0.5476642152788138
1755,01_15_a0115137060001400043z,0.8333333333333334,0.3081954382826476,26.0,7.0,1.001296936027707,0.7190812590600871
1756,01_15_a0115137060001400053z,0.5,0.2924553369935131,40.0,14.0,1.0022781942528447,0.7473885211482829
1757,01_15_A0115137060003000030z,0.5,0.1353700805008945,37.0,19.0,1.732556878303281,0.736108082288221
1758,01_15_A0115137060003000033z,0.5,0.6073882132187091,36.0,21.0,1.7334719068392055,0.9442227463661348
1759,01_15_A0115137060004800042z,0.8333333333333334,0.3317239577001233,26.0,11.0,1.0008192155793656,0.7262640696281415
1760,01_15_a0115137060005400030z,0.6666666666666666,0.7406208536905026,32.0,12.0,1.4153985088421428,0.9561359073808752
1761,01_15_a0115137060005400032z,0.6666666666666666,0.4990957832932633,32.0,12.0,1.4155859197171616,0.8218587124022307
1762,01_15_A0115137060005700032A,0.6666666666666666,0.5693035338161463,32.0,13.0,1.4153022386891554,0.9348228820671192
1763,01_15_A0115137060007300023A,0.8333333333333334,0.6620026565925068,20.0,5.0,1.4179117463597204,0.9398189505493451
1764,01_15_A0115137060007300032z,0.8333333333333334,0.326511591727324,21.0,5.0,1.4154186329205187,0.8293611405880253
1765,01_15_A0115137060007300040z,0.6666666666666666,0.4707319297900786,34.0,10.0,1.0011738387764924,0.8565905349668573
1766,01_15_a0115137060007600041A,0.6666666666666666,0.19488749409130365,30.0,18.0,1.415575105359336,0.6945260324439422
1767,01_15_A0115137060007600046z,0.6666666666666666,0.33690261173018504,30.0,17.0,1.4151390916152315,0.5154424257930799
1768,01_15_A0115137060007700061A,0.5,0.4705907546598188,56.0,24.0,1.000480277404557,0.8924927569318283
1769,01_15_A0115137060007900034b,0.8333333333333334,0.44290865384615385,24.0,14.0,1.4161217412966087,0.7480885416991514
1770,01_15_A0115137060008000032A,0.8333333333333334,0.1485429850116195,36.0,11.0,1.0045123098523452,0.7219282266973236
1771,01_15_A0115137060008000032B,0.8333333333333334,0.4791754502158218,31.0,17.0,1.0013912264752962,0.675727453577151
1772,01_15_A0115137060008200066z,0.3333333333333333,0.20154071429114007,53.0,32.0,1.0022467965051116,0.8013280316549418
1773,01_15_A0115137060008700056a,0.5,0.2748439239089309,50.0,25.0,1.0036474137695386,0.7598635625139483
1774,01_15_A0115137060010000032z,0.6666666666666666,0.13231242225058346,21.0,6.0,1.4159836447887797,0.6859900671244366
1775,01_15_A0115137060010000045B,0.6666666666666666,0.2694593090398277,32.0,12.0,1.0123499305865673,0.7455770835758162
1776,01_15_A0115137060010000045C,0.5,0.3980896566289008,30.0,15.0,1.4184132852856135,0.8156951640905669
1777,01_15_A0115137060010900016z,0.5,1.0574559835501371,50.0,24.0,2.0131655747720223,1.3890356973950908
1778,01_15_A0115137060010900017z,0.5,1.0800095616592709,50.0,24.0,2.013278708628861,1.3999182725136483
1779,01_15_A0115137060012200049z,0.5,0.3457531559607478,35.0,23.0,1.4165044473087942,0.7862334120607878
1780,01_15_A0115137060012200057z,0.5,0.37674956933677867,39.0,23.0,1.4157766960628322,0.8208498634822222
1781,01_15_a0115137060012900032C,0.6666666666666666,0.2401550300052427,26.0,7.0,1.4153247906722135,0.7385378239655253
1782,01_15_a0115137060012900032D,0.8333333333333334,0.3548848281314597,26.0,8.0,1.4151929175312514,0.7744412050296169
1783,01_15_A0115137060014100034A,1.0,0.3084750108472599,20.0,8.0,1.001620855549463,0.6296170053725155
1784,01_15_A0115137060014100035z,0.8333333333333334,0.5283031662028754,23.0,9.0,1.0017207287044672,0.8138455915630514
1785,01_15_A0115137060014100036A,0.8333333333333334,0.3840970374993577,23.0,12.0,1.0052084127351486,0.7855796152543916
1786,01_15_A0115137060015100052E,0.3333333333333333,0.5508316980737702,57.0,27.0,1.0023570502377552,0.9887593219814296
1787,01_15_A0115137060016000045B,0.8333333333333334,0.206275257559756,24.0,14.0,1.008675065418422,0.7680346452965651
1788,01_15_A0115137060016300056B,0.5,0.7012699019790172,43.0,21.0,1.4162300986952607,1.1078459417909108
1789,01_15_A0115137060016800034A,0.8333333333333334,0.11724023675759306,20.0,9.0,1.0072314475526118,0.7131784257040737
1790,01_15_A0115137060016800034B,0.8333333333333334,0.3607506675891353,24.0,11.0,1.4149592455344744,0.6685271347130686
1791,01_15_a0115137060016900039z,0.5,0.3635512173050509,44.0,18.0,1.0008693930874233,0.7660990790963387
1792,01_15_a0115137060017000021A,0.3333333333333333,0.6985208438873673,41.0,21.0,2.0057478135008138,1.1131704818705963
1793,01_15_a0115137060017000023B,0.3333333333333333,0.3752877977674251,36.0,18.0,2.000793328388323,0.872098341199785
1794,01_15_a0115137060017000031z,0.5,0.9368480356852448,34.0,13.0,1.736480442619936,1.1851536038737434
1795,01_15_a0115137060017000035C,0.8333333333333334,0.6493727419080253,35.0,16.0,1.0032796131100044,0.9790634112979848
1796,01_15_A0115137060017100018C,0.3333333333333333,0.9435243240504378,40.0,17.0,2.000861547162321,1.054850324544471
1797,01_15_A0115137060017100034A,0.8333333333333334,0.2774820544442637,25.0,5.0,1.4167216530909656,0.7029656305673165
1798,01_15_A0115137060017100034D,0.6666666666666666,0.4136565439577943,20.0,8.0,1.4171898739073452,0.8065761114256659
1799,01_15_a0115137060018100032z,0.8333333333333334,0.5456505623035353,36.0,8.0,1.005036235311501,0.9851472845619902
1800,01_15_A0115137060018400033z,1.0,0.5045632215070484,23.0,6.0,1.0018757706587156,0.8490242436775057
1801,01_15_a0115137060022400041L,0.5,0.6506927050464959,37.0,17.0,1.4167578641972096,1.0725431028157486
1802,01_15_a0115137060022400068J,0.3333333333333333,0.9575808985336935,37.0,16.0,1.4212180754241743,1.3138376916983197
1803,01_15_A0115137070000200034z,0.5,0.5991390807887901,34.0,17.0,1.7328333041423525,0.926690219056304
1804,01_15_A0115137070000200050a,0.5,0.4135959237195408,38.0,16.0,1.4146102803207443,0.752110517965336
1805,01_15_A0115137070000200050b,0.5,0.48211064528901704,29.0,18.0,1.4149686439217577,0.7541938188089392
1806,01_15_A0115137070000200062a,0.5,0.4404893354989216,46.0,25.0,1.4153698136954658,0.8151350402296954
1807,01_15_A0115137070000800020A,0.3333333333333333,0.9661386417047008,43.0,17.0,2.000808725957301,1.176235860192667
1808,01_15_A0115137070000800032A,1.0,0.26637466753745825,20.0,10.0,1.0011533892643,0.5679423993154098
1809,01_15_A0115137070001800032z,0.8333333333333334,0.5753748633472471,27.0,5.0,1.4154564447610751,0.8974526354572816
1810,01_15_A0115137070002100023z,0.5,0.3524239765657102,36.0,16.0,2.0003209816386054,0.7601817823833947
1811,01_15_A0115137070002100025z,0.5,0.4763581155876122,36.0,16.0,2.000300224178086,0.7773505584470385
1812,01_15_A0115137070002100034z,0.8333333333333334,0.5997804696306099,23.0,10.0,1.4153837314214897,0.8872292786891914
1813,01_15_a0115137070006400021z,0.3333333333333333,0.8806612068338844,44.0,23.0,2.001890104076373,1.1006461694177758
1814,01_15_a0115137070006400022z,0.3333333333333333,1.0245341728505488,38.0,17.0,2.0007053717859224,1.1128831210886712
1815,01_15_A0115137070007500047A,0.6666666666666666,0.4465013993532072,31.0,17.0,1.4164994084315343,0.8655902201902232
1816,01_15_A0115137070007500056z,0.5,0.3992118720300595,39.0,22.0,1.4149788447595641,0.8436199346208256
1817,01_15_a0115137070009100016A,0.3333333333333333,1.2349580614353568,47.0,23.0,2.006009046872588,1.5073365162654841
1818,01_15_A0115137070009100027z,0.5,1.5386407975640846,41.0,18.0,2.006899509955252,1.4835762279895897
1819,01_15_A0115137070009200062z,0.3333333333333333,0.3052577679829201,62.0,23.0,1.007247612743548,0.8973196049962298
1820,01_15_A0115137070010100014A1,0.3333333333333333,0.9586249701551576,43.0,17.0,2.0026091484590784,1.138042688549243
1821,01_15_A0115137070010100019A2,0.3333333333333333,0.6665454747257962,38.0,23.0,2.0012488593192552,1.00910619554961
1822,01_15_A0115137070011100048z,0.6666666666666666,0.5268905495238654,36.0,18.0,1.41598601044324,0.9125345434695624
1823,01_15_A0115137070011100053z,0.6666666666666666,0.5800618294672206,41.0,22.0,1.4161326218092152,1.0354600598581467
1824,01_15_A0115137070011100054z,0.3333333333333333,0.5567053156668438,62.0,34.0,1.416386598704949,0.9732354605603132
1825,01_15_A0115137070011100068B,0.16666666666666666,0.8758769245369431,62.0,36.0,1.4186723515364565,1.117801295853709
1826,01_15_A0115137070011100079z,0.16666666666666666,0.5179940898861461,98.0,51.0,1.4156340734083055,1.104116192024322
1827,01_15_A0115137070011200031A,0.8333333333333334,0.438014517230016,32.0,9.0,1.0020762278134119,0.8357497609753995
1828,01_15_A0115137070011200031B,0.8333333333333334,0.289577017230016,32.0,11.0,1.0019697146908346,0.8124726330259039
1829,01_15_A0115137070011200043z,0.6666666666666666,0.4631808872848649,32.0,16.0,1.0021989569542662,0.8789866671730302
1830,01_15_A0115137070012600032z,0.6666666666666666,0.17437051927616806,32.0,16.0,1.4158278300169218,0.7648542102501296
1831,01_15_A0115137070012600040z,0.6666666666666666,0.21402969548885606,33.0,12.0,1.0017261329829048,0.7267350026525328
1832,01_15_A0115137070012600044A,0.5,0.2753170717721089,35.0,18.0,1.4171940504736364,0.7798043432900613
1833,01_15_A0115137070012900056A,0.5,0.4308105698615949,30.0,14.0,1.4150000310148525,0.7390510220992019
1834,01_15_A0115137070012900056B,0.5,0.4814776587795421,25.0,12.0,1.4143646806362051,0.7092231376162482
1835,01_15_a0115137070014400018z,0.3333333333333333,0.9135617772339584,50.0,24.0,2.0137282813063417,1.3975132456201345
1836,01_15_a0115137070014400027z,0.5,0.7746757517383052,46.0,21.0,2.0068102061253272,1.1665195231045329
1837,01_15_a0115137070014400037z,0.5,0.4799360709607802,42.0,17.0,1.738427486968413,1.0831941176300324
1838,01_15_A0115137070014500032z,0.6666666666666666,0.35106064912602103,37.0,13.0,1.4173089749438053,0.8859757214522423
1839,01_15_A0115137070014500045z,0.5,0.35689609617738444,32.0,14.0,1.414875963322955,0.7321353892436855
1840,01_15_A0115137070015800032z,1.0,0.14083730123767976,14.0,2.0,1.001192738000782,0.6541705614304646
1841,01_15_A0115137070015800044z,0.6666666666666666,0.316077848797189,25.0,14.0,1.414703882976864,0.7326930227854076
1842,01_15_A0115137070015800055z,0.6666666666666666,0.2924360709607802,32.0,14.0,1.0008847773931215,0.7935977745696183
1843,01_15_A0115137070016000013z,0.5,0.9904974801153168,41.0,19.0,2.0025007274950717,1.1887752454687677
1844,01_15_A0115137070016000014z,0.5,0.9509295162294156,41.0,18.0,2.0009241415651102,1.1325720754317985
1845,01_15_A0115137070016000056z,0.3333333333333333,0.607422588820282,65.0,27.0,1.0095825730593837,1.067814178961514
1846,01_15_A0115137070016100036A,0.8333333333333334,0.1442239577001233,32.0,12.0,1.0028528186707757,0.8739682905774545
1847,01_15_A0115137070017800032z,0.8333333333333334,0.39474388987091735,21.0,11.0,1.4154184054814338,0.6720553302058088
1848,01_15_A0115137070017800039z,0.3333333333333333,0.3589994431370165,37.0,20.0,1.415410285217143,0.7734849685270689
1849,01_15_A0115137070017800043z,0.3333333333333333,0.3473034479913854,44.0,22.0,1.4154326791065237,0.7271104099177599
1850,01_15_A0115137070017800045z,0.5,0.3358026155466167,45.0,18.0,1.0021474197591784,0.7380919323554098
1851,01_15_a0115137070018500033z,0.6666666666666666,0.6341786301886527,33.0,13.0,1.4201654891757745,1.0476450044422494
1852,01_15_a0115137070018500034A,0.6666666666666666,0.5762940530583731,33.0,13.0,1.4199131722142453,0.9963472873041122
1853,01_15_a0115137070018500034B,0.6666666666666666,0.6147326945500571,35.0,18.0,1.4184490350428438,1.093255484871241
1854,01_15_a0115137070018500038z,0.5,0.6637650877291421,44.0,23.0,1.416611392884887,1.230627523600584
1855,01_15_a0115137070018600026z,0.8333333333333334,0.6257291481951841,33.0,14.0,1.4167424867760288,0.9718560579065642
1856,01_15_a0115137070018600030z,0.8333333333333334,0.5212636201008294,32.0,14.0,1.4157205180061598,0.9609824094240488
1857,01_15_a0115137070018600032z,0.6666666666666666,0.7781763466427762,35.0,17.0,1.736253832776733,1.1152695301127205
1858,01_15_A0115137070019000029z,0.8333333333333334,0.4045258767792307,28.0,9.0,1.0016441449226583,0.7468860464107886
1859,01_15_A0115137070019000030z,0.8333333333333334,0.510142219025107,28.0,7.0,1.0014701733611369,0.7723033498721638
1860,01_15_A0115137070019000031z,0.8333333333333334,0.20187591252152345,26.0,11.0,1.0031474317050388,0.6901889891102475
1861,01_15_a0115137070019100017z,0.3333333333333333,0.5364555546906298,43.0,20.0,2.001836576356394,0.9560479760726022
1862,01_15_a0115137070019100022z,0.5,0.8312148780819786,34.0,12.0,1.7389649253536936,0.9266863733298599
1863,01_15_a0115137070019100032z,0.6666666666666666,0.4725375108472599,37.0,18.0,1.41521050797174,0.8732761453920709
1864,01_15_a0115137070019100033B,0.6666666666666666,0.4894871477282328,40.0,19.0,1.4151296014257877,0.7915555682059592
1865,01_15_A0115137070020000023z,0.5,0.7449437200695892,29.0,18.0,2.0011922747279813,0.8931618937092293
1866,01_15_A0115137070020000032A,1.0,0.3707313578228774,21.0,2.0,1.0028201738688023,0.6828801276583263
1867,01_15_A0115137070020000042z,0.6666666666666666,0.5926811331055359,39.0,14.0,1.4177833619978908,0.9863793217451968
1868,01_15_A0115137070020400031z,0.6666666666666666,0.3592044825591055,34.0,15.0,1.0006499213971105,0.8900425411243442
1869,01_15_a0115137070020400032z,0.8333333333333334,0.92895766152988,39.0,15.0,1.0062143572444282,1.169781917375352
1870,01_15_A0115137070020800029z,0.3333333333333333,0.43046471398358216,40.0,18.0,2.0010133874745635,0.7922406054228256
1871,01_15_A0115137070020800031A,0.5,0.4646489703467758,35.0,15.0,2.001330471391223,0.7774819498256003
1872,01_15_A0115137070021600034z,1.0,0.4071289108363469,17.0,2.0,1.0015862961781594,0.7669449396476871
1873,01_15_A0115137070022500032z,1.0,0.1823313017137988,18.0,0.0,1.003360422052098,0.6842065940760679
1874,01_15_a0115137070022700038A,0.5,0.3338624916469167,27.0,21.0,1.4152518577024014,0.7777913501356598
1875,01_15_a0115137070022700040A,0.3333333333333333,0.3421584607906862,33.0,25.0,1.7353010384633878,0.8474585250210622
1876,01_15_a0115137070022700046A,0.5,0.2910980158879691,28.0,17.0,1.414717245924762,0.7628274697126298
1877,01_15_a0115137070022700049z,0.5,0.4238580888850572,33.0,15.0,1.416468415466288,0.7920067734986352
1878,01_15_A0115137070022800032z,0.5,0.5158505365627459,25.0,15.0,1.7326902786105693,0.8823944551486412
1879,01_15_A0115137070022800040z,0.6666666666666666,0.6438248396910982,31.0,18.0,1.4197152026921658,0.9271162019500658
1880,01_15_A0115137070022800050z,0.5,0.5009788362870822,38.0,18.0,1.4155172403551817,0.8862665594453049
1881,01_15_a0115137070023100031B,0.8333333333333334,0.2810981629480395,23.0,7.0,1.0029233679277132,0.7660043982572238
1882,01_15_a0115137070023300036z,0.6666666666666666,0.20712588761343148,27.0,11.0,1.4166236997736512,0.661880067355669
1883,01_15_a0115137070023300052z,0.5,0.34395326682474203,34.0,17.0,1.4180046037908478,0.754137210145886
1884,01_15_a0115137070023600031z,0.8333333333333334,0.29337536252507185,28.0,9.0,1.4147436266259164,0.7913748970399394
1885,01_15_a0115137070023600042z,0.6666666666666666,0.4886146875939423,42.0,19.0,1.0032652556046582,0.9744125606606217
1886,01_15_A0115137070024600042A,0.6666666666666666,0.4862362755191815,35.0,10.0,1.0028876574547594,0.7560556895138393
1887,01_15_a0115137070027300062z,0.3333333333333333,0.4899209817609084,51.0,27.0,1.4193894607127582,1.0615582269563284
1888,01_15_a0115137070028400041z,0.8333333333333334,0.7062148780819786,29.0,3.0,1.0028139344603952,0.92906880864261
1889,01_15_a0115137070028400043z,0.6666666666666666,0.4034134458420428,29.0,12.0,1.0039003504978037,0.9031774015291952
1890,01_15_a0115137070028400049A,0.8333333333333334,0.3164181411466093,39.0,19.0,1.00091560015119,0.9519831398526696
1891,01_15_A0115137130000100027z,0.5,0.07456075541104612,36.0,15.0,1.7326669088232454,0.7281110820222332
1892,01_15_a0115137130000100031N,0.6666666666666666,0.07887069148141779,41.0,18.0,1.415312509223795,0.6855608922295202
1893,01_15_a0115137130000100031S,0.6666666666666666,0.07687505539976469,34.0,16.0,1.4149436020048825,0.6936543482491923
1894,01_15_A0115137130000100031z,0.6666666666666666,0.3402580860367847,24.0,6.0,1.4185128276458832,0.8100822125123466
1895,01_15_A0115137130000600033z,0.6666666666666666,0.07543116135172173,34.0,18.0,1.4152090534103334,0.6797623387944088
1896,01_15_A0115137130000700013z,0.5,1.181270619442068,46.0,21.0,2.0092984241354,1.430781574192279
1897,01_15_A0115137130000700014z,0.5,1.524117600859335,41.0,18.0,2.0053723562108137,1.5193534648432117
1898,01_15_A0115137130000700016z,0.5,1.428061509711219,41.0,18.0,2.0051553830747184,1.4541197040881106
1899,01_15_a0115137130002100014z,0.6666666666666666,1.069398895729456,44.0,22.0,1.7736525211572451,1.5365604525065395
1900,01_15_a0115137130002100028z,0.6666666666666666,0.5485869612711534,33.0,19.0,1.739253810615394,1.0227516299672352
1901,01_15_A0115137140000100030z,0.5,0.6756531111933104,29.0,15.0,1.7337989600822237,1.00433797384406
1902,01_15_A0115137140000100032z,0.6666666666666666,0.6149442839290855,30.0,14.0,1.4157556998544338,0.9231366703360364
1903,01_15_a0115137140000800035A,0.8333333333333334,0.2835599091249801,30.0,10.0,1.0012247119491102,0.7366605468066729
1904,01_15_a0115137140001100025A,0.8333333333333334,0.4532355184429682,30.0,14.0,1.0017434983730071,0.8478059950778941
1905,01_15_a0115137140001100036A,0.8333333333333334,0.28733837677923074,30.0,10.0,1.0020107214050775,0.7375258511546509
1906,01_15_a0115137140001300039C-1,0.6666666666666666,0.5509258008204119,42.0,13.0,1.0080367802628367,0.9103193540987032
1907,01_15_a0115137140001300039C-2,0.6666666666666666,0.5587383008204119,44.0,12.0,1.007299344011304,0.9185438021185174
1908,01_16_a0116133020000100037z,0.5,0.4261222285639775,40.0,23.0,1.416487337461257,0.9158304329393004
1909,01_16_a0116133020000300028z,0.5,0.4815384458420428,28.0,17.0,1.7325899981387105,0.8906771283632223
1910,01_16_a0116133020000300034z,0.6666666666666666,0.30718301927616803,29.0,10.0,1.415535923096036,0.833859688436593
1911,01_16_a0116133020000300045z,0.5,0.3510300342422435,25.0,16.0,1.4145776772616208,0.7204214942419964
1912,01_16_a0116133020001200027z,0.6666666666666666,0.7563271278850942,30.0,14.0,1.7335981082852634,1.0296218866867135
1913,01_16_a0116133020001400022z,0.6666666666666666,0.5952207547383437,23.0,12.0,1.7324244664009556,0.9010468762904136
1914,01_16_a0116133020001400031z,0.8333333333333334,0.5905925901813818,22.0,9.0,1.4148749022120233,0.8952127205015585
1915,01_16_a0116133020001400043z,0.6666666666666666,0.2774836689715829,32.0,6.0,1.001219545234361,0.7393906937877075
1916,01_16_a0116133050000100024A,0.5,0.6081021547005581,37.0,18.0,1.7324818405275069,0.9988597907051722
1917,01_16_a0116133050000100024B,0.5,0.6460479800653773,32.0,16.0,1.7332421192355936,0.9378470306701766
1918,01_16_a0116133050000200026z,0.5,0.7102352437581518,33.0,16.0,1.7330886190947647,0.9335423405706088
1919,01_16_a0116133050000200033z,0.6666666666666666,0.6321088479861516,37.0,13.0,1.415318602707205,0.9508444533272016
1920,01_16_a0116133050000400033z,0.8333333333333334,0.30685594795062204,26.0,9.0,1.0010121420986229,0.6815438715931172
1921,01_16_a0116133050001000032A,0.8333333333333334,0.6309815530583731,18.0,9.0,1.4158536148811347,0.9325397215659847
1922,01_16_a0116133050001100032A,0.8333333333333334,0.6347493294672206,25.0,5.0,1.4160913896152725,0.9241681790023786
1923,01_16_a0116133050001100032B,1.0,0.4600332832932633,16.0,6.0,1.001002156690309,0.7208527943487223
1924,01_16_a0116133050001500023z,0.8333333333333334,0.6843848039542892,21.0,9.0,1.4153564448032658,0.9377696721655612
1925,01_16_a0116133050001500031z,0.8333333333333334,0.5054302012623315,16.0,7.0,1.4152011186872413,0.8459996475380894
1926,01_16_a0116133050001500040z,0.6666666666666666,0.4049076056884125,26.0,12.0,1.0022462113469783,0.7666459077747635
1927,01_16_A0116133070000200025z,0.5,0.6871804887149242,34.0,17.0,1.7329838337005783,0.8524614499217983
1928,01_16_A0116133070000200031z,0.6666666666666666,0.3688994612711533,31.0,14.0,1.415426324181307,0.8607419238486647
1929,01_16_A0116133070000200041z,0.5,0.3410990559932307,38.0,18.0,1.415518917621858,0.7412204628298426
1930,01_16_a0116133070000300026z,0.5,0.4589143530139777,33.0,18.0,1.7325656664530746,0.8036295402436331
1931,01_16_a0116133070000300033z,0.6666666666666666,0.35505179269792203,31.0,16.0,1.4155646880400354,0.8531101977932759
1932,01_16_A0116133070000300044z,0.5,0.19745796147374214,30.0,18.0,1.414917018917079,0.7054759359958593
1933,01_16_a0116133070000900024A,0.8333333333333334,0.7084247960808128,26.0,9.0,1.416154920923994,0.9481386943876744
1934,01_16_a0116133070000900024B,0.6666666666666666,0.6364694505442279,27.0,10.0,1.7335319026149585,0.9053612938913836
1935,01_16_a0116133070002400024z,0.6666666666666666,0.7150604164167584,26.0,8.0,1.4162042048408117,0.9634093024137148
1936,01_16_a0116133070002400033z,0.6666666666666666,0.11272884558047792,21.0,12.0,1.4158112353852363,0.6762954068891122
1937,01_16_A0116133080000100031z,0.5,0.5393915589723028,34.0,17.0,1.7329957277937489,0.9032814652187432
1938,01_16_A0116133080000100041z,0.5,0.15773549569392106,43.0,21.0,1.416204056128746,0.8157961184683298
1939,01_16_a0116133080000200025z,0.5,0.7232996049493143,37.0,18.0,1.7342260803687295,1.0461296746149202
1940,01_16_a0116133080000200032z,0.5,0.2637323510343254,32.0,17.0,1.7331751477755872,0.8500255351918664
1941,01_16_a0116133080000200044z,0.5,0.4995916978734404,35.0,15.0,1.4154419743027695,0.7953358713031679
1942,01_16_A0116133080000300025z,0.16666666666666666,0.7110498994133896,51.0,30.0,2.0031889817604123,1.0398611382352874
1943,01_16_A0116133080000300034z,0.3333333333333333,0.5559237184244916,38.0,18.0,2.0008236106917856,0.8715283424919281
1944,01_16_A0116133080000500024A,0.6666666666666666,0.6746261719008813,24.0,12.0,1.7332970923451765,0.9711227215594948
1945,01_16_A0116133080000500024B,0.3333333333333333,0.5893110709607803,40.0,20.0,2.0007803708009644,0.9364465350858124
1946,01_16_A0116133080000500032z,0.8333333333333334,0.635994010706046,25.0,9.0,1.0032260571040912,0.9429242968217852
1947,01_16_A0116133080000500042N,0.5,0.3074877340197701,28.0,14.0,1.4153607432027706,0.65902743194273
1948,01_16_A0116133080000500042S,0.5,0.3676245370606516,26.0,14.0,1.4152414447103197,0.6584680074496565
1949,01_16_a0116133080000800024z,0.6666666666666666,0.7216049532080206,50.0,20.0,1.4158665831844222,0.9924385778946044
1950,01_16_A0116133090000200032z,0.6666666666666666,0.15147676039908506,21.0,12.0,1.4148367855212325,0.7354464874659029
1951,01_16_a0116133090001200024z,0.6666666666666666,0.7189609199340237,26.0,8.0,1.4155139857567829,0.9847292811295634
1952,01_16_a0116133090001200032B,0.8333333333333334,0.20212767370381385,22.0,7.0,1.4161453635945744,0.6801196819805941
1953,01_16_a0116133090002100022z,0.8333333333333334,0.3037910758665401,24.0,7.0,1.4147778464042984,0.7868179358264576
1954,01_16_a0116133090002100030A,0.6666666666666666,0.4063361045095605,29.0,12.0,1.4166068572472994,0.9239615193619902
1955,01_16_a0116133090002100030B,0.8333333333333334,0.3001406902206321,32.0,9.0,1.0029179987245624,0.7200573077428268
1956,01_16_a0116133090002100031A,0.8333333333333334,0.4205689696142402,27.0,7.0,1.0036982041866658,0.9136918423994622
1957,01_16_a0116133090002600032z,0.6666666666666666,0.2808744431370165,34.0,14.0,1.415145365897367,0.7264087574205343
1958,01_16_a0116133092000100025B,0.8333333333333334,0.1066163956427521,30.0,15.0,1.0005169778079417,0.7555459319408038
1959,01_16_a0116133092000200025A,0.6666666666666666,0.17212624693868397,20.0,15.0,1.4154875747282316,0.7042385616422281
1960,01_16_a0116133093000500025B,0.8333333333333334,0.31930353381614635,33.0,14.0,1.0046711930748058,0.9114185149178856
1961,01_16_A0116133094000100033z,0.6666666666666666,0.3521334082074596,26.0,12.0,1.4159120447902869,0.8610410280459581
1962,01_16_A0116133094000100034z,0.8333333333333334,0.20563671345043286,15.0,3.0,1.4153168454966956,0.7120825407022859
1963,01_16_A0116133094000100044a,0.5,0.2335632838550017,30.0,18.0,1.4152477707886508,0.7441749098699132
1964,01_16_A0116133094000100044b,0.5,0.2066176496329411,33.0,15.0,1.4147232880483775,0.5593452540516272
1965,01_16_a0116133100000100024z,0.5,0.7102352437581518,36.0,18.0,1.7340835956600111,1.034719862304867
1966,01_16_a0116133100000100028z,0.16666666666666666,0.62557026798292,41.0,23.0,2.001428909080745,0.9330600214471364
1967,01_16_a0116133100000200032z,0.6666666666666666,0.6929441774757312,26.0,8.0,1.4164524410591897,0.9706734590964908
1968,01_16_a0116133100000200042z,0.5,0.5119613750897429,37.0,13.0,1.41634275371142,0.8797015427593122
1969,01_16_a0116133100000300026z,0.5,0.4987300457206641,31.0,17.0,1.7344118120667618,0.8411853202645322
1970,01_16_a0116133100000300029A,0.3333333333333333,0.6637174069474976,35.0,20.0,1.7337112950816862,0.8961358139560046
1971,01_16_a0116133100000300031B,0.3333333333333333,0.4681460961773844,40.0,20.0,1.7357155024780149,0.9834439067631348
1972,01_16_a0116133100000400021z,0.5,0.7103202539168658,33.0,17.0,2.0011057674799035,0.9545595024785544
1973,01_16_a0116133100000400023z,0.3333333333333333,0.5147926605048698,32.0,17.0,2.0013241322360478,0.9636344558518694
1974,01_16_a0116133100000700028z,0.5,0.7044205489021167,36.0,18.0,1.733981997096294,1.0210621023683726
1975,01_16_a0116133100000700033z,0.3333333333333333,0.5969838154756301,31.0,20.0,1.734447763736594,0.8724598595180669
1976,01_16_a0116133100001700032B,0.8333333333333334,0.4979696970427554,29.0,11.0,1.0022906163767966,0.9007745959359741
1977,01_16_a0116133110000100032z,0.8333333333333334,0.20566189308490745,27.0,10.0,1.4157338187444113,0.7021412300835393
1978,01_16_a0116133110000200024z,0.5,0.5147984863810815,28.0,16.0,1.7327966015869725,0.8784659237832626
1979,01_16_a0116133110000300024z,0.5,0.6360524633486107,33.0,14.0,1.7326327497600196,0.9289214536826551
1980,01_16_a0116133110000400029z,0.6666666666666666,0.35583174918752,33.0,14.0,1.4154390810589557,0.8604303491926872
1981,01_16_a0116133110000400031z,0.6666666666666666,0.37459245364907773,29.0,12.0,1.415691224164544,0.8775799609790349
1982,01_16_a0116133110000500032z,0.6666666666666666,0.21385845259391767,27.0,12.0,1.4156557455231682,0.7075032159155697
1983,01_16_a0116133110000900024z,0.5,0.7016471832968927,33.0,17.0,1.7328885321517042,0.9082561449117016
1984,01_16_a0116133110001100025z,0.6666666666666666,0.7372299532080206,33.0,13.0,1.7333142029774382,0.9278574450581508
1985,01_16_a0116133110001900023z,0.6666666666666666,0.7111410576179951,23.0,10.0,1.7336384215012246,0.9760539675155848
1986,01_16_a0116133110001900033z,0.8333333333333334,0.6594498396910982,23.0,11.0,1.4166366114350548,0.944987790944148
1987,01_16_a0116133110002100024z,0.16666666666666666,0.5587211053360119,42.0,24.0,2.003219419093734,0.7816600330840718
1988,01_16_a0116133110002100034z,0.8333333333333334,0.6045963287839669,27.0,5.0,1.4169714942341467,0.9211055730389234
1989,01_16_a0116133110002200026z,0.3333333333333333,0.4660659788548289,35.0,17.0,2.0010802290089433,0.7646386572789715
1990,01_16_a0116133110002300029z,0.5,0.4605574182072976,39.0,23.0,1.7321747436289798,0.7751584543651865
1991,01_16_a0116133110002300038z,0.6666666666666666,0.2469768536265629,22.0,14.0,1.4143927050472822,0.6709265632761885
1992,01_16_a0116133110002400023z,0.5,0.6055163129724739,33.0,17.0,1.7324665822147485,0.8453309069024708
1993,01_16_a0116133110002400033z,0.6666666666666666,0.6668690063941027,31.0,15.0,1.4194833250746048,1.0114213410341966
1994,01_16_a0116133110002400043z,0.3333333333333333,0.17437580200272124,49.0,25.0,1.4157857341820956,0.7459785269739719
1995,01_16_a0116133110003000028z,1.0,0.3048934230321029,17.0,6.0,1.0006301737462528,0.7259421236098245
1996,01_16_a0116133110003000033A,0.6666666666666666,0.3734157142911401,27.0,11.0,1.4160261293678829,0.730921902568134
1997,01_16_a0116133110003000033B,0.8333333333333334,0.6305287716159809,23.0,11.0,1.4153067192287927,0.9143819546921432
1998,01_16_a0116133110003500026z,0.6666666666666666,0.7600385110380654,32.0,14.0,1.7337008198827533,0.94864376254243
1999,01_16_a0116133110003700031z,0.5,0.36838113829392893,25.0,15.0,1.732635318253175,0.7757601945120649
2000,01_16_a0116133110003700038z,0.8333333333333334,0.13534931119544902,22.0,7.0,1.0007340079101459,0.6940679402303188
2001,01_16_a0116133110003900023z,0.6666666666666666,0.7228729164167584,23.0,12.0,1.7361872794194868,0.9981417462208
2002,01_16_a0116133110003900032A,0.6666666666666666,0.6003113412476071,24.0,14.0,1.4158309813309942,0.9132886734478688
2003,01_16_a0116133110003900032B,0.8333333333333334,0.5846722659588877,25.0,11.0,1.4153439402367374,0.9200141903253192
2004,01_16_a0116133110004100032z,0.8333333333333334,0.4020943933235701,23.0,9.0,1.4149135280960596,0.5257208433666213
2005,01_16_a0116133110004100038z,0.8333333333333334,0.1029086606994602,21.0,11.0,1.0012289261971652,0.6807103897474874
2006,01_16_a0116133110004100042z,0.8333333333333334,0.10966849284436493,21.0,9.0,1.00081451520021,0.6825906968607277
2007,01_16_a0116133110004200032z,0.6666666666666666,0.2613204382826476,31.0,6.0,1.0050710568741434,0.6904090548470337
2008,01_16_a0116133110004400030A,0.6666666666666666,0.6104079038473857,29.0,14.0,1.4159253573522408,0.9468855914297502
2009,01_16_a0116133120000300024z,0.5,0.698707866236538,33.0,17.0,1.7329306495855852,0.9044705679618004
2010,01_17_a0117136030000400032z,0.6666666666666666,0.6550924453249012,29.0,12.0,1.418081474537901,0.954136153598086
2011,01_17_a0117136030000400039z,0.6666666666666666,0.2451768354989216,26.0,8.0,1.4166728862645483,0.7588868662942653
2012,01_17_a0117136030000400043z,0.8333333333333334,0.32378986098323465,24.0,11.0,1.0009434765575052,0.7106508514657407
2013,01_17_a0117136040000200026z,0.5,0.7486964303461396,38.0,17.0,1.7338741470492212,1.0815335280144909
2014,01_17_a0117136040000200032z,0.6666666666666666,0.33690834186577545,28.0,17.0,1.4148936514390014,0.7093729997664969
2015,01_17_a0117136040000200043z,0.3333333333333333,0.3365398405596874,47.0,21.0,1.4156759251359308,0.5549156366128835
2016,01_17_a0117136060000100033A,0.5,0.08945667811946884,30.0,13.0,1.732423132468286,0.5925991691154058
2017,01_17_a0117136060000300023z,0.5,0.7910380829771813,34.0,17.0,1.7339499334745394,1.1149025364723983
2018,01_17_a0117136060000800033z,1.0,0.2345694099462673,21.0,6.0,1.000955470308866,0.6931192463659398
2019,01_17_a0117136060000800034z,0.8333333333333334,0.3170843996605181,16.0,3.0,1.4147314645103144,0.6707306765210845
2020,01_17_a0117136060000800045z,0.5,0.3526322514694607,30.0,9.0,1.4147091380564458,0.7560460033570316
2021,01_17_A0117136060001000024z,0.5,0.8091753111640034,36.0,15.0,2.00290327221697,1.0661256805538175
2022,01_17_A0117136060001100027z,0.6666666666666666,0.6985208438873673,30.0,14.0,1.7338864372807,0.9915502446862928
2023,01_17_A0117136060001300022z,0.6666666666666666,0.12021597278813285,23.0,8.0,1.7320859698683837,0.7254138994537819
2024,01_17_A0117136060001300031z,0.8333333333333334,0.19348836484852236,23.0,8.0,1.4153744862749955,0.7161177308278476
2025,01_17_A0117136060001300040z,0.6666666666666666,0.2846808919315628,28.0,19.0,1.001762911493172,0.7532573616243243
2026,01_17_a0117136060001800025z,0.8333333333333334,0.2997146592602443,21.0,5.0,1.0019460468034398,0.6956591752236617
2027,01_17_a0117136060002000031B,0.8333333333333334,0.5300255623035353,27.0,10.0,1.4203542022377906,0.9676786843362222
2028,01_17_a0117136060002000033z,0.5,0.1854538697601636,29.0,16.0,1.4149863756577823,0.6923250184586222
2029,01_17_a0117136060002400031A,0.6666666666666666,0.2559421488089633,26.0,12.0,1.4148912389874055,0.714815787286755
2030,01_17_a0117136060002400040z,0.6666666666666666,0.26503407240493554,34.0,14.0,1.0006313443762422,0.7391677839944041
2031,01_17_a0117136060002500032A,0.8333333333333334,0.3145101169318851,26.0,11.0,1.0014068773569746,0.8256925098915704
2032,01_17_a0117136060003000033A,0.6666666666666666,0.4351528184569395,43.0,22.0,1.416275988788973,0.9065581149875362
2033,01_17_a0117136060003000033B,0.6666666666666666,0.8370787851881851,34.0,16.0,1.4162954319839542,1.083739380537884
2034,01_17_a0117136060003000052z,0.3333333333333333,0.4683237199055593,61.0,29.0,1.4146940172492988,1.0250506380980275
2035,01_17_a0117136070000200030z,0.3333333333333333,0.4990957832932633,41.0,25.0,1.733009449525906,0.8969232681558438
2036,01_17_a0117136070000200056z,0.3333333333333333,0.4152987184244916,52.0,32.0,1.4220567089304241,0.9055152738603054
2037,01_17_a0117136070000700024z,0.8333333333333334,0.4297388920072525,21.0,9.0,1.0012948445812149,0.8157121089559876
2038,01_17_a0117136070000700042z,0.5,0.20908829542550472,25.0,16.0,1.4170049291194016,0.7465701296179736
2039,01_17_a0117136080000200023B,0.6666666666666666,0.6560938547246962,31.0,14.0,1.7328278130753223,0.8950111366443594
2040,01_17_a0117136080000200032A,0.8333333333333334,0.1331924733870119,14.0,7.0,1.4148359367538743,0.5790924692443891
2041,01_17_a0117136080000200032B,0.8333333333333334,0.6242963479861516,18.0,7.0,1.4169027303167776,0.938264905121814
2042,01_17_A0117136090000400024b,0.5,0.6683321026280515,35.0,18.0,1.7326524538455914,1.000079018728103
2043,01_17_a0117136090000400033z,0.6666666666666666,0.6907083438873673,25.0,8.0,1.4186635980026492,0.9936923794633696
2044,01_17_a0117136090000400043z,0.5,0.3086401726279986,38.0,20.0,1.4147493272376406,0.7432155903610661
2045,01_17_a0117136090001200026z,0.6666666666666666,0.5340816854352672,31.0,13.0,1.7330081182818304,0.7938943108334902
2046,01_17_a0117136090002800033z,0.6666666666666666,0.14600923227850676,37.0,14.0,1.4150502426209208,0.7464799388506049
2047,01_17_a0117136100000400025z,0.5,0.7352707091804804,36.0,16.0,1.7334803632873312,1.0347979125880975
2048,01_17_a0117136100000400033A,0.6666666666666666,0.3411084575108515,23.0,14.0,1.4146093813127771,0.7132858903904472
2049,01_17_a0117136100001200024z,0.5,0.6448646875939423,36.0,19.0,1.7326440083061272,1.008473581683225
2050,01_17_a0117136100001300036z,0.6666666666666666,0.23905641700492206,32.0,17.0,1.4155341359585698,0.721064912620282
2051,01_17_a0117136100001400026z,0.5,0.7248545126266708,32.0,16.0,1.7331901201554305,1.049201811809277
2052,01_17_a0117136100001400034z,0.8333333333333334,0.1096570135562316,22.0,11.0,1.0004768462387958,0.6901321492281959
2053,01_17_a0117136100001400042z,0.5,0.2465849069733497,37.0,18.0,1.4148968775607325,0.7161494067718993
2054,01_17_a0117136100001500046c,0.5,0.33627861227882344,31.0,12.0,1.4150391238661657,0.5337885072177533
2055,01_17_a0117136100002300024z,0.6666666666666666,0.6019963468039509,33.0,13.0,1.732447359535009,0.8298588314041043
2056,01_17_a0117136100002300025z,0.6666666666666666,0.6715089713404987,28.0,14.0,1.732595910383712,0.9084566294352684
2057,01_17_a0117136100002300042a,0.6666666666666666,0.31478674589787803,27.0,13.0,1.414485219381325,0.6884544840920569
2058,01_17_a0117136100003500024A,0.8333333333333334,0.12347618870147943,19.0,9.0,1.4150562980415269,0.6570937491020205
2059,01_17_a0117136100003500032z,0.6666666666666666,0.1773403558650652,21.0,10.0,1.4155829052410285,0.7055153111062547
2060,01_17_a0117136100003500041z,0.6666666666666666,0.3887323510343254,34.0,12.0,1.0008168764571932,0.7491370867550021
2061,01_17_a0117136100003600032A,0.8333333333333334,0.10368317192750737,20.0,7.0,1.0026748364358136,0.676759095738803
2062,01_17_a0117136100003700031z,0.8333333333333334,0.6845531662028754,23.0,9.0,1.4160727796290762,0.9389856759298364
2063,01_17_a0117136100003700043z,0.8333333333333334,0.32537700849137624,24.0,11.0,1.0012853680497436,0.7182871991506812
2064,01_17_a0117136100004000034z,0.8333333333333334,0.3194082832932633,32.0,9.0,1.0013970194569843,0.7883609044483433
2065,01_17_a0117136100005100022z,0.6666666666666666,0.6454906662028754,25.0,12.0,1.7328530469611694,0.9514033546069242
2066,01_17_a0117136100005100026z,0.8333333333333334,0.4318630739415623,23.0,6.0,1.4174393075620548,0.9413151809583988
2067,01_17_a0117136100005100032A,0.6666666666666666,0.3003829382826476,33.0,11.0,1.4151001565895942,0.7975895866363695
2068,01_17_a0117136100005100032B,0.6666666666666666,0.12850793828264756,31.0,11.0,1.4155893253613168,0.6934429160710194
2069,01_17_a0117136100005100034z,0.5,0.23087536252507185,34.0,14.0,1.4172203786305324,0.7024435256346293
2070,01_17_a0117136100005100047z,0.5,0.28687129748442136,42.0,25.0,1.4177889914176858,0.9011307633729496
2071,01_17_a0117136100005500023z,0.8333333333333334,0.6429940898861461,21.0,7.0,1.415242536628867,0.9489338984845516
2072,01_17_a0117136100005500032z,0.6666666666666666,0.15568461852704674,29.0,9.0,1.416259306334107,0.6956072514172269
2073,01_17_a0117136100005700032A,0.6666666666666666,0.15565907240493554,25.0,6.0,1.4159810626591596,0.6693802871186102
2074,01_17_a0117136100006600032A,0.6666666666666666,0.2081598306767881,32.0,14.0,1.4151674395621587,0.6121779126519143
2075,01_17_a0117136100006600033z,0.6666666666666666,0.32597336103838864,23.0,11.0,1.4146807260344585,0.5695461732840505
2076,01_17_a0117136100006600035A,0.6666666666666666,0.29678198637884,16.0,6.0,1.416026924620164,0.6582319531921226
2077,01_17_a0117136100007200031z,0.6666666666666666,0.2627884458420428,18.0,8.0,1.4151736368873231,0.5804238567272658
2078,01_17_a0117136100007200032z,0.6666666666666666,0.2898405532251763,28.0,6.0,1.4159902470379704,0.7179820988582979
2079,01_17_a0117136100007200033z,0.6666666666666666,0.20901780670370015,21.0,6.0,1.4155828109213116,0.6025997506838144
2080,01_17_a0117136100007200050z,0.5,0.29640603259789305,41.0,20.0,1.415395430661559,0.7506168359793808
2081,01_17_a0117136100007300023A,1.0,0.073663331335664,10.0,6.0,1.0010969171801265,0.6656532130576603
2082,01_17_a0117136100007400034z,0.8333333333333334,0.3608581002696886,25.0,6.0,1.4232899563983958,0.969139943869884
2083,01_17_a0117136101000100022z,0.3333333333333333,0.7395911376395607,41.0,22.0,2.0012650909818017,1.118758556311698
2084,01_17_a0117136101000100024z,0.5,0.735998017647727,32.0,16.0,1.733622446866982,1.0309553282380322
2085,01_17_a0117136110000300024z,0.8333333333333334,0.5545819046909164,23.0,5.0,1.4147349875537834,0.8637850849716489
2086,01_17_a0117136110000300043z,0.5,0.2448305335639543,29.0,12.0,1.4145830852179724,0.5879171874845366
2087,01_17_a0117136110000700030z,0.5,0.4526249222505834,27.0,16.0,1.7325669265361618,0.6776500958753542
2088,01_17_a0117136110001600024B,0.6666666666666666,0.6145287716159809,36.0,15.0,1.4149069383273718,0.9716105159225132
2089,01_17_a0117136110001600024C,0.8333333333333334,0.6999911875621865,37.0,13.0,1.0014079735776402,1.025923417814904
2090,01_17_a0117136110001600038z,0.6666666666666666,0.31870877934993297,30.0,13.0,1.4157828234493912,0.7775355451551967
2091,01_17_a0117136110001600043z,0.5,0.2404300794018689,40.0,18.0,1.4148284591611755,0.8468142851048359
2092,01_17_a0117136110002100023A,0.6666666666666666,0.6002896547005581,37.0,10.0,1.0018681194232708,0.9387691943296962
2093,01_17_a0117136110002100023B,0.8333333333333334,0.3166648032200358,23.0,9.0,1.0014283246318203,0.6860814344876235
2094,01_17_a0117136110002100023C,0.6666666666666666,0.6289566980737702,29.0,19.0,1.4147303687306647,0.8315559443723705
2095,01_17_a0117136110002100033z,1.0,0.11863644295554475,18.0,6.0,1.0003731517980772,0.5821538663349322
2096,01_17_a0117136110002100041z,0.5,0.22053480744152604,31.0,17.0,1.003747996481866,0.6800978439097771
2097,01_17_a0117136110002100050z,0.6666666666666666,0.3010512173050509,38.0,13.0,1.000412625526409,0.7609743973884432
2098,01_17_a0117136110002400024z,0.6666666666666666,0.4274442839290856,23.0,8.0,1.416315001461299,0.9214815022677506
2099,01_17_a0117136110002400033z,0.6666666666666666,0.11072628837405524,27.0,16.0,1.4153201005365876,0.6973247704185048
2100,01_17_a0117136110002400041z,0.5,0.3488726303494534,43.0,25.0,1.4172675115191729,0.8180416190540191
2101,01_17_a0117136110002700023z,0.5,0.10514394465746137,30.0,18.0,1.7327904604677709,0.7759899189010175
2102,01_17_a0117136110002700031z,0.8333333333333334,0.6159363412476071,25.0,9.0,1.4158715964886863,0.9239868398207322
2103,01_17_a0117136110002700040z,0.5,0.2847426496329411,47.0,19.0,1.4154191495908863,0.7619197255546227
2104,01_17_a0117136110003300033a,0.6666666666666666,0.25380914310192465,36.0,16.0,1.002269609534128,0.8087518095258619
2105,01_17_a0117136110003300033B,0.8333333333333334,0.2541491369867512,29.0,18.0,1.0021975720822882,0.7681317194508835
2106,01_17_a0117136110003300034z,0.6666666666666666,0.18351155099941055,25.0,16.0,1.4148913554498967,0.5925000881892368
2107,01_17_a0117136120000400026A,0.6666666666666666,0.6959491775988869,32.0,13.0,1.7332653663335869,0.8602438769391395
2108,01_17_a0117136120000400026B,0.6666666666666666,0.7786143624312545,29.0,16.0,1.7333527514434033,0.9825634430336572
2109,01_17_a0117136120000400033A,0.6666666666666666,0.3387385067281232,24.0,12.0,1.415910023158174,0.8748173154092816
2110,01_17_a0117136120000400033B,0.6666666666666666,0.3413677012623316,24.0,12.0,1.4155083998034064,0.8756901042335199
2111,01_17_a0117136120000500024z,0.8333333333333334,0.33214713679644803,19.0,9.0,1.4145394565557008,0.7866076509581038
2112,01_17_a0117136120000500032z,1.0,0.1908681520003414,16.0,6.0,1.0019710645804667,0.6578333121558725
2113,01_17_a0117136120000500043z,0.5,0.3044831155876121,31.0,17.0,1.4227492541005573,0.7935006898590921
2114,01_17_a0117136130000100025z,0.8333333333333334,0.6906162251907255,26.0,9.0,1.4150176448552425,0.9620262000567192
2115,01_17_a0117136130000300025z,0.8333333333333334,0.6876188537756054,26.0,9.0,1.4151556898529865,0.9660138186983516
2116,01_17_a0117136130000700024z,0.8333333333333334,0.6637174069474976,21.0,9.0,1.4151387332008099,0.9012446481533022
2117,01_17_a0117136130000700033A,0.8333333333333334,0.27354571300792224,23.0,9.0,1.4150353932822517,0.7465438183372142
2118,01_17_a0117136130000700033B,0.8333333333333334,0.31300962747183675,19.0,7.0,1.4145434827485728,0.7913256634092852
2119,01_17_a0117136130000700033C,0.8333333333333334,0.30783775755975606,21.0,7.0,1.4146929415976113,0.6947494978115497
2120,01_17_a0117136130000700033z,0.8333333333333334,0.6471675457206639,25.0,5.0,1.4161132482980214,0.926377959058956
2121,01_17_a0117136130001300032z,0.8333333333333334,0.3866060126951802,25.0,9.0,1.416064433986425,0.8629574367929735
2122,01_17_a0117136130001600032A,0.6666666666666666,0.16370271145819001,43.0,21.0,1.4146892676275993,0.7360672888927137
2123,01_17_a0117136130001600032B,0.6666666666666666,0.16757043828264756,43.0,21.0,1.4146734725536996,0.7365854671904757
2124,01_17_a0117136130002400034C,0.8333333333333334,0.33494017370381385,27.0,9.0,1.4155457076013005,0.8118633381920014
2125,01_17_a0117136150000300024z,0.5,0.7248545126266708,41.0,22.0,1.7336121843327132,1.1374341489427808
2126,01_17_a0117136150000300043z,0.3333333333333333,0.3333122607125541,47.0,21.0,1.4156083723740698,0.5621065721653657
2127,01_18_a0118138040000400025z,0.5,0.6871804887149242,36.0,16.0,1.7331874344986349,0.9398412358275576
2128,01_18_a0118138040000400033z,0.6666666666666666,0.5907047666408565,27.0,8.0,1.4165758593572897,0.9322733183860306
2129,01_18_A0118138040000700025z,0.16666666666666666,0.7221196639463643,40.0,27.0,2.0015012040634543,0.9687774617331316
2130,01_18_A0118138040000700030z,0.5,0.4110444836287097,28.0,13.0,1.7334463454481952,0.8905356937423629
2131,01_18_a0118138040000800025f,0.5,0.7121433222951867,30.0,16.0,1.7349006272727805,0.9984353399749532
2132,01_18_a0118138040000800033a,0.6666666666666666,0.24971546255449226,26.0,12.0,1.4155056329986109,0.651931799309252
2133,01_18_a0118138040000800033c,0.6666666666666666,0.2209865250064163,33.0,6.0,1.4152853659216011,0.8006692142654652
2134,01_18_A0118138040000900037z,0.3333333333333333,0.43648986599349104,42.0,21.0,1.7346079828126593,0.9588223165163824
2135,01_18_A0118138040001800025z,0.6666666666666666,0.7575733771541209,33.0,13.0,1.7335611189721638,0.9528934141976472
2136,01_18_A0118138040001900026z,0.6666666666666666,0.7423472239969333,30.0,13.0,1.7339026079359372,0.9221343407047671
2137,01_18_a0118138040002400025z,0.5,0.7345785576179951,33.0,18.0,1.7338189843952694,0.9772943728174159
2138,01_18_a0118138040002400032z,0.6666666666666666,0.6746261719008813,26.0,16.0,1.4158886643248747,0.9568102525719048
2139,01_18_A0118138040002700032z,0.8333333333333334,0.34973836484852233,29.0,7.0,1.002590735560524,0.8256277270969304
2140,01_18_A0118138040002700045A,0.6666666666666666,0.4667129184937294,33.0,16.0,1.0009967818724077,0.8321847167889065
2141,01_18_A0118138040002800032A,0.6666666666666666,0.2933725430054402,33.0,11.0,1.4159629889188865,0.6920836765876811
2142,01_18_a0118138110000400025z,0.5,0.7754560988177646,30.0,16.0,1.734135525382868,0.9807671418573092
2143,01_18_A0118138110000700034z,0.6666666666666666,0.4579037716159809,28.0,12.0,1.4174011442484653,0.9205138587787112
2144,01_18_A0118138110000800025z,0.3333333333333333,0.698707866236538,40.0,17.0,2.0019886017477826,0.9464585180044852
2145,01_18_A0118138110000900037z,0.6666666666666666,0.2847426496329411,27.0,13.0,1.4146910261180323,0.7115173495197211
2146,01_18_A0118138110000900047z,0.5,0.22975850543328274,31.0,16.0,1.4163390544443806,0.7275595035420033
2147,01_18_A0118138110001200017z,0.5,1.0367195183692277,39.0,17.0,2.008115283356022,1.2274758931046648
2148,01_18_A0118138110001200021z,0.5,0.7345785576179951,35.0,16.0,2.0017408960535072,0.9046807396590504
2149,01_18_A0118138110001200025z,0.6666666666666666,0.7159989325189589,32.0,14.0,1.7330453254567055,0.9305424722259431
2150,01_18_A0118138110001300017z,0.5,1.069398895729456,39.0,17.0,2.0080350710779813,1.25627272470741
2151,01_18_A0118138110001300021z,0.5,0.7502109199340237,35.0,16.0,2.0017398154354265,0.9342728275730272
2152,01_18_A0118138110001300025z,0.6666666666666666,0.7372299532080206,32.0,14.0,1.7333305777589485,0.9634018755999884
2153,01_18_A0118138110002100031z,0.8333333333333334,0.3265407142911401,20.0,7.0,1.0037667406036377,0.716026355906174
2154,01_18_a0118138120001000032z,0.6666666666666666,0.5830662393162394,24.0,15.0,1.4157598257859936,0.9255842923391472
2155,01_18_A0118138130000100031z,0.5,0.249806481971968,32.0,17.0,1.7327540743569152,0.7468747264998089
2156,01_18_a0118138130000200026z,0.5,0.7221196639463643,38.0,18.0,1.7344885990366612,1.0924526063511228
2157,01_18_A0118138130000200045z,0.3333333333333333,0.4771514822386914,40.0,19.0,1.4161614472273127,0.6385391083237247
2158,01_18_A0118138130000400028z,0.5,0.6123872811829496,34.0,16.0,1.7383319415870715,1.0318141740330908
2159,01_18_A0118138130000400032z,0.6666666666666666,0.5118412716159808,34.0,13.0,1.4155293315866353,0.9193780703038048
2160,01_18_A0118138130000600048z,0.3333333333333333,0.5288677012623315,46.0,23.0,1.4180683578925393,0.714763084431354
2161,01_18_a0118138130000800030z,0.6666666666666666,0.6899136793249929,22.0,14.0,1.4162699112088644,1.0295329935702555
2162,01_18_a0118138130000800042z,0.5,0.2348804287224181,33.0,12.0,1.4149139447969257,0.7167881564166235
2163,01_18_A0118138130000900019z,0.3333333333333333,0.9210524139380782,40.0,21.0,2.005116964582747,1.1281986288774957
2164,01_18_A0118138130000900021z,0.5,0.698707866236538,30.0,15.0,1.7370406070452904,0.9292186505561102
2165,01_18_A0118138130000900025z,0.16666666666666666,0.7102352437581518,47.0,30.0,2.001607513986607,0.9864080343653197
2166,01_18_A0118138130000900032z,0.6666666666666666,0.3887768508121984,29.0,11.0,1.4161973304350102,0.905081305573847
2167,01_18_a0118138130001000025B,0.3333333333333333,0.6185128338440053,37.0,18.0,2.0009392403866366,0.8883190188336753
2168,01_18_a0118138130001400031A,1.0,0.2850865711698369,13.0,6.0,1.0011062432867253,0.657679981981192
2169,01_18_a0118138130001400031B,1.0,0.28296251902798913,22.0,6.0,1.0020626589070776,0.7499256571398124
2170,01_18_a0118138130001400031C,0.6666666666666666,0.1674306520003414,21.0,6.0,1.4151405639268704,0.6759776787751223
2171,01_18_A0118138130001600032z,0.6666666666666666,0.16137263034945346,27.0,11.0,1.4161022329717037,0.7016540727477052
2172,01_18_A0118138130001700052z,0.5,0.5329680124066367,43.0,18.0,1.4155719345764446,0.6326335194480106
2173,01_18_a0118138130002000033B,0.6666666666666666,0.6226316774757312,27.0,6.0,1.4172382953497833,0.8612546250015295
2174,01_18_a0118138130002000033C,0.6666666666666666,0.8100336735767653,27.0,12.0,1.4216427504675782,1.0511421954554707
2175,01_18_a0118138150000100031z,0.5,0.2573453893589685,30.0,17.0,1.732595062969594,0.7361522765145924
2176,01_18_a0118138150000100045z,0.5,0.22667071300792224,33.0,16.0,1.4157378642805272,0.8053406436600526
2177,01_18_a0118138150000100055z,0.5,0.21508637508974288,49.0,29.0,1.415731431839292,0.8138394241680502
2178,01_18_a0118138150000400034z,0.6666666666666666,0.4411611245571573,23.0,18.0,1.4151687619151834,0.7345929322234369
2179,01_18_a0118138150000500033z,0.6666666666666666,0.17995277190786646,28.0,16.0,1.4150575033389288,0.7152539309068658
2180,01_18_a0118138150001500025z,0.6666666666666666,0.6571900413467144,32.0,12.0,1.4161527426214962,0.9133541399291144
2181,01_18_a0118138150001500029z,0.6666666666666666,0.6100856237046424,34.0,12.0,1.415940092815066,0.8746448076072444
2182,01_18_a0118138150001500030z,0.6666666666666666,0.6034683813206223,34.0,12.0,1.4158035120565804,0.8724985155402473
2183,01_18_a0118138150001600015z,0.5,0.8594597934063224,46.0,21.0,2.009498485606981,1.22957857077961
2184,01_18_a0118138150001600023z,0.5,0.4398410079029008,37.0,16.0,2.0028742187903865,0.983441219411866
2185,01_18_A0118138150002400043z,0.6666666666666666,0.4280086269878817,30.0,12.0,1.0076474348346645,0.7669947197760897
2186,01_18_a0118138150003100035A,0.8333333333333334,0.34269615667345216,21.0,9.0,1.4158349912504575,0.707592003889827
2187,01_18_A0118138151000200034z,0.6666666666666666,0.42808377934993297,25.0,18.0,1.4150363177130378,0.7268508002384373
2188,01_18_a0118138151000200043z,0.8333333333333334,0.4474966017671344,30.0,22.0,1.004371080559765,0.6562246568574033
2189,01_18_A0118138151000200047z,0.6666666666666666,0.4891537716159809,23.0,16.0,1.4156206731716006,0.6136453247812289
2190,01_18_A0118138151000200051z,0.6666666666666666,0.4610236045095605,27.0,15.0,1.4160731847278092,0.8140594585028581
2191,01_18_A0118138160000400035n,0.6666666666666666,0.5607073592635741,30.0,12.0,1.4189991179567354,0.9510097955521698
2192,01_18_A0118138160000400035s,0.6666666666666666,0.3143324864754186,29.0,15.0,1.416910452170889,0.8587408857639173
2193,01_18_A0118138160000500043z,0.3333333333333333,0.3630227593117303,42.0,21.0,1.4169159127404976,0.7676019428636632
2194,01_18_A0118138160000500053z,0.3333333333333333,0.4403010067281232,71.0,29.0,1.4175187569175456,0.8473527139141018
2195,01_18_A0118138160000600021z,0.16666666666666666,0.7460340605736693,50.0,30.0,2.001610045368487,0.9469407409643702
2196,01_18_A0118138160000600025z,0.16666666666666666,0.7261065739758629,52.0,30.0,2.0013673545272628,0.9936781980198874
2197,01_18_A0118138160000600027z,0.5,0.7249958536905026,31.0,16.0,1.7349072664347407,0.8971553357143558
2198,01_18_A0118138160000600031z,0.5,0.40566187050771146,31.0,16.0,1.7340700738132335,0.8920795372324526
2199,01_18_A0118138160000900029z,0.5,0.6549901890379346,30.0,13.0,1.7336078095391694,0.9629939376804838
2200,01_18_A0118138160001200031z,0.5,0.4346835335207428,28.0,16.0,1.7331160497681641,0.8814820862055983
2201,01_18_A0118138160001200048a,0.5,0.3203275927102934,37.0,20.0,1.4153644293907162,0.7815923094512193
2202,01_18_A0118138160001200055z,0.6666666666666666,0.3786477593117303,43.0,21.0,1.001991933542123,0.7202110328960359
2203,01_18_A0118138160001400023z,0.5,0.6592996049493143,31.0,13.0,1.7331136895229835,0.9940621239031284
2204,01_18_A0118138160001400025z,0.5,0.5664181411466094,40.0,18.0,1.7337119121449516,1.022167380642859
2205,01_18_A0118138160001400034z,0.5,0.6141951152852316,35.0,20.0,1.7334335577885192,0.9747452674031596
2206,01_18_a0118138160001500033z,0.6666666666666666,0.039070870824182535,27.0,15.0,1.4154000677568308,0.7225779600162969
2207,01_18_A0118138160001600036z,0.6666666666666666,0.6220076152852316,32.0,12.0,1.4169371983631178,0.9243586695307868
2208,01_18_A0118138160001900046z,0.6666666666666666,0.1598489577001233,24.0,10.0,1.0006193874582274,0.5150951209253232
2209,01_18_A0118138160001900056z,0.6666666666666666,0.2076882215070484,26.0,15.0,1.0011904853724285,0.6288669645732319
2210,01_18_A0118138160002200019z,0.16666666666666666,0.7513037846776318,41.0,22.0,2.002951925232346,0.9690818786672482
2211,01_18_A0118138160002200024z,0.16666666666666666,0.7162199589316152,42.0,23.0,2.001947844394609,0.9179091586169388
2212,01_18_A0118138160002200039z,0.5,0.2971890505070965,41.0,18.0,1.4146705854296144,0.6660938054072016
2213,01_18_A0118138160002700028z,0.8333333333333334,0.6357374158945879,28.0,11.0,1.4165362608770955,0.8699186532686963
2214,01_18_A0118138160002700038z,0.6666666666666666,0.6329414782275511,23.0,14.0,1.4159662379280804,0.919980704034246
2215,01_18_A0118138160003100024z,0.6666666666666666,0.7161536376395607,24.0,10.0,1.4165395492846955,0.984214687098329
2216,01_18_A0118138160003100032z,1.0,0.5829037716159808,20.0,2.0,1.0020615928665018,0.9117412688458424
2217,01_18_a0118138160003200037z,0.8333333333333334,0.3665658849855585,23.0,11.0,1.4148374423526702,0.7036495598357142
2218,01_18_A0118138160003500070a,0.3333333333333333,0.2344143590146497,49.0,23.0,1.4155682465098585,0.7161076076206041
2219,01_18_a0118138160003700034z,1.0,0.14020375530808787,15.0,7.0,1.0019514074709075,0.7316298084539786
2220,01_18_a0118138160003700044z,0.5,0.0597413956427521,40.0,15.0,1.0033505993207346,0.6406373847923161
2221,01_18_A0118138160003900011z,0.5,1.0080732675007544,50.0,24.0,2.011200930535461,1.3673090683182938
2222,01_18_A0118138160003900014z ,0.5,1.2645147116816622,45.0,21.0,2.0041957389984497,1.3052080900850316
2223,01_18_A0118138160004100049z,0.5,0.4591133648485223,35.0,16.0,1.4157437414787195,0.8870531799257616
2224,01_18_a0118138160004500017B,0.5,1.2295797981860292,46.0,21.0,2.0104210205773616,1.4394207460098791
2225,01_18_A0118138160005500032A,0.8333333333333334,0.18812179178583227,21.0,10.0,1.425374075515598,0.6997416926394557
2226,01_18_A0118138160005700044z,0.5,0.301937363347247,28.0,21.0,1.4420274352922675,0.8010357563629733
2227,01_18_A0118138160005800044z,0.5,0.3062371049493143,36.0,23.0,1.4318957097458729,0.8182498040289664
2228,01_18_a0118138160005900043B,0.3333333333333333,0.4819854800653774,39.0,23.0,1.4271587851145977,0.931604029077282
2229,01_18_a0118138160006300031A,0.8333333333333334,0.3384994570717916,12.0,3.0,1.4146464228673237,0.4642896908323679
2230,01_18_A0118138170000200059z,0.5,0.5579213154756301,52.0,20.0,1.006568240419935,0.6687345188323958
2231,01_18_A0118138170000400039z,0.5,0.3080098281314597,38.0,18.0,1.4151555491008672,0.6676642024716801
2232,01_18_A0118138170000400045z,0.5,0.3205184230321029,31.0,14.0,1.4150716520434878,0.6597789636258531
2233,01_18_A0118138170001200033z,0.8333333333333334,0.2960920153351632,19.0,9.0,1.4148080628588506,0.5333198426366621
2234,01_18_A0118138170001200036z,0.8333333333333334,0.28655616428145503,20.0,9.0,1.415260484380512,0.6967809525379914
2235,01_18_A0118138170001200043z,0.6666666666666666,0.2538420777938492,29.0,10.0,1.0015211320543198,0.7342428633392435
2236,01_18_A0118138170001200049z,0.5,0.17107422616143542,31.0,15.0,1.4153214547419872,0.5740713954375154
2237,01_18_A0118138170001200057z,0.5,0.2818729989295478,29.0,19.0,1.4147351819777825,0.8025337716091603
2238,01_18_A0118138170001300022z,0.6666666666666666,0.5364555546906298,31.0,13.0,1.7326403267989468,0.840430175145119
2239,01_18_A0118138170001300032C,1.0,0.15288358528057716,13.0,6.0,1.0011631597553097,0.6628799604949506
2240,01_18_A0118138170002300066z,0.6666666666666666,0.2071711689715829,37.0,17.0,1.0095890277092332,0.8141469095889585
2241,01_18_A0118138170002700034B,0.6666666666666666,0.7296523780819786,28.0,14.0,1.4167941346588733,0.8918727051026204
2242,01_18_A0118138170002700034D,0.6666666666666666,0.3199646566289008,26.0,6.0,1.4179430611044417,0.8367207492992322
2243,01_18_A0118138190000300050z,0.6666666666666666,0.5082768588781811,31.0,12.0,1.0022437262459825,0.8917595329605031
2244,01_18_A0118138190000400049z,0.8333333333333334,0.20163737877998328,30.0,9.0,1.0010963784151825,0.7831353671424583
2245,01_18_A0118138190000400051z,0.8333333333333334,0.08385661000940275,19.0,7.0,1.4154044479716348,0.7161803058504357
2246,01_18_A0118138200000100043z,0.5,0.2796657142911401,34.0,18.0,1.4148975392615333,0.7786370082351461
2247,01_18_A0118138200000100049z,0.3333333333333333,0.16368694313701648,58.0,26.0,1.4166486483488312,0.7624150357665129
2248,01_18_A0118138200000100056z,0.3333333333333333,0.23087536252507185,61.0,31.0,1.4163891329795535,0.8822761939137229
2249,01_18_A0118138200000100068z,0.5,0.3090344895952967,48.0,30.0,1.0057103549322657,0.8670947322128497
2250,01_18_A0118138200000300032z,0.8333333333333334,0.2207535255621496,20.0,11.0,1.4147327933966702,0.6179448845339859
2251,01_18_A0118138200000400018z,0.5,0.5393915589723028,30.0,15.0,2.00064017478235,0.9634567524746784
2252,01_18_A0118138200000500044z,0.5,0.4232077642687265,42.0,22.0,1.4178114574378964,0.9294658662862234
2253,01_18_A0118138200000700033z,0.6666666666666666,0.3279544825591055,31.0,15.0,1.4156812280126674,0.8578877940264109
2254,01_18_A0118138200001000032z,0.8333333333333334,0.294610645289017,36.0,10.0,1.001980614271501,0.8551059224782656
2255,01_18_A0118138200001200033z,0.8333333333333334,0.4878280495238653,27.0,11.0,1.4161855696381438,0.8445208236275895
2256,01_18_a0118138200001500034B,0.6666666666666666,0.23296986545567025,31.0,17.0,1.4145371853488855,0.7041220778797409
2257,01_18_A0118138200001700023z,0.8333333333333334,0.4825257954255047,22.0,13.0,1.0015949847411838,0.8568335043335432
2258,01_18_a0118138210000600033z,0.8333333333333334,0.14160383628708212,27.0,12.0,1.4171677501165592,0.696409690761053
2259,01_18_a0118138210000700033A2,0.8333333333333334,0.1010300342422435,29.0,8.0,1.415702325303328,0.6666476203223924
2260,01_18_a0118138210001400032D,0.6666666666666666,0.1767254885568706,27.0,10.0,1.4152302908463896,0.7698145301245813
2261,01_18_a0118138220000400034z,0.5,0.5196178520757511,31.0,17.0,1.7324837725886442,0.7882346331654371
2262,01_18_A0118138220000400035z,0.3333333333333333,0.5544151963471637,45.0,23.0,1.7344444138589308,0.9409015244629896
2263,01_18_a0118138220000400036z,0.16666666666666666,0.37710928099364505,40.0,19.0,1.7387465376059472,0.7703621751293743
2264,01_18_A0118138220000500026z,0.16666666666666666,0.6657917999541172,47.0,28.0,2.0019367123951435,0.9851794279793321
2265,01_18_A0118138220000500032z,0.5,0.25552312519853543,22.0,13.0,1.7327299978664497,0.66554504368323
2266,01_18_A0118138220000500043z,0.6666666666666666,0.12850793828264756,33.0,13.0,1.0029373505213512,0.5991131834186894
2267,01_18_A0118138220000900027z,0.3333333333333333,0.6603868082516877,41.0,26.0,1.7340869534812342,1.0291866921981578
2268,01_18_A0118138220000900032z,0.6666666666666666,0.5713178268620347,30.0,11.0,1.4194017319618353,0.9477606236168368
2269,01_18_A0118138220002400033z,0.5,0.6715089713404987,33.0,17.0,1.733293406797359,0.9664304020065491
2270,01_18_A0118138220002400064C,0.8333333333333334,0.3522731237046424,33.0,14.0,1.4174661465133038,1.0211042338129044
2271,01_18_A0118138220002800026z,0.8333333333333334,0.17507475287830832,20.0,9.0,1.4143227649371837,0.6470157405286889
2272,01_18_A0118138220002800050B,0.5,0.3147410463907557,34.0,22.0,1.415134902267947,0.8058677552432232
2273,01_18_A0118138220003000024z,0.8333333333333334,0.171780964598437,27.0,10.0,1.4146692624084958,0.6720859783193813
2274,01_18_A0118138240000200028z,0.6666666666666666,0.33421337677923074,26.0,13.0,1.7332726830184513,0.7787382974732693
2275,01_18_A0118138240000200033z,0.6666666666666666,0.3920519563413383,28.0,14.0,1.4158572318220168,0.8362396723946542
2276,01_18_A0118138240000200039z,0.5,0.4958486245571573,36.0,16.0,1.4152380730626968,0.6839184353428397
2277,01_18_A0118138240000200046z,0.5,0.4655814841439451,42.0,19.0,1.4169518057800463,0.7093471862352276
2278,01_18_A0118138240000200056z,0.5,0.2460964906440439,39.0,13.0,1.4175619143263083,0.6917354156519978
2279,01_18_A0118138240000600033z,0.5,0.5471810940203525,31.0,13.0,1.733079561708111,0.8505589188414944
2280,01_18_A0118138240001400033z,0.6666666666666666,0.39974325707459385,28.0,14.0,1.4158207432354648,0.8312676922778252
2281,01_18_A0118138240001400039z,0.5,0.4961933778430871,36.0,16.0,1.4154415840758992,0.692255057224931
2282,01_18_A0118138240001400046z,0.5,0.4695919015655849,42.0,19.0,1.416800768759636,0.7152028463081609
2283,01_18_a0118138240001600060z,0.6666666666666666,0.6897829818366545,33.0,15.0,1.426189145568017,0.9796613811477504
2284,01_18_A0118138240002000064A,0.3333333333333333,0.6449651977328195,50.0,27.0,1.4188098682806816,1.0414914301296379
2285,01_18_a0118138240002900045A,0.6666666666666666,0.5139559804513223,30.0,17.0,1.4171290662745246,0.9017379068355338
2286,01_18_a0118138240002900051z,0.6666666666666666,0.8008456996066893,30.0,20.0,1.41885416922566,1.1491248654818664
2287,01_18_a0118138240002900052B,0.6666666666666666,0.6820083799787606,30.0,20.0,1.4189994957274208,1.1489180914916894
2288,01_19_A0119158050000100020z,0.5,0.6583620449108896,33.0,15.0,2.001479094384969,0.9781936546964785
2289,01_19_A0119158050000100027z,0.5,0.7456424721809527,33.0,15.0,2.0037100714934484,1.072209987959153
2290,01_19_A0119158050000100030z,0.3333333333333333,0.6360208438873673,35.0,23.0,2.00214584256305,1.034968410390065
2291,01_19_A0119158050000100035z,0.5,0.316077848797189,31.0,16.0,1.7339735039362425,0.8892663129885343
2292,01_19_A0119158050000200027z,0.16666666666666666,0.7846072148099787,42.0,25.0,2.002500164129821,0.9920950815077548
2293,01_19_A0119158050000200030z,0.16666666666666666,0.7164516694004723,46.0,29.0,2.003049930627259,1.0264194198137429
2294,01_19_A011915805